
------------------------------------------------------------------------------
Elevation report for the watershed      31 May 2020 10.33

------------------------------------------------------------------------------

Statistics: All elevations reported in meters
-----------

  Minimum elevation: 1789
  Maximum elevation: 2045
     Mean elevation: 1894.10
 Standard deviation: 60.65

              Elevation          % area up to elevation    % area of watershed
                1789                     0.08                     0.08
                1790                     0.28                     0.20
                1791                     0.62                     0.34
                1792                     1.17                     0.54
                1793                     1.69                     0.52
                1794                     1.98                     0.30
                1795                     2.33                     0.34
                1796                     2.78                     0.46
                1797                     3.26                     0.48
                1798                     3.64                     0.38
                1799                     4.09                     0.46
                1800                     4.58                     0.48
                1801                     5.10                     0.52
                1802                     5.62                     0.52
                1803                     6.02                     0.40
                1804                     6.46                     0.44
                1805                     7.02                     0.56
                1806                     7.57                     0.55
                1807                     8.02                     0.45
                1808                     8.55                     0.54
                1809                     8.95                     0.40
                1810                     9.34                     0.39
                1811                     9.72                     0.39
                1812                    10.11                     0.39
                1813                    10.35                     0.24
                1814                    10.68                     0.33
                1815                    11.16                     0.48
                1816                    11.52                     0.37
                1817                    11.91                     0.38
                1818                    12.24                     0.33
                1819                    12.49                     0.25
                1820                    12.89                     0.40
                1821                    13.25                     0.37
                1822                    13.74                     0.48
                1823                    14.17                     0.43
                1824                    14.52                     0.35
                1825                    14.94                     0.42
                1826                    15.34                     0.40
                1827                    15.72                     0.39
                1828                    16.17                     0.44
                1829                    16.57                     0.41
                1830                    16.94                     0.37
                1831                    17.35                     0.41
                1832                    17.77                     0.42
                1833                    18.14                     0.37
                1834                    18.57                     0.43
                1835                    19.04                     0.47
                1836                    19.49                     0.45
                1837                    19.94                     0.45
                1838                    20.47                     0.53
                1839                    20.92                     0.45
                1840                    21.40                     0.48
                1841                    21.99                     0.60
                1842                    22.68                     0.69
                1843                    23.27                     0.59
                1844                    23.87                     0.60
                1845                    24.41                     0.54
                1846                    25.16                     0.75
                1847                    25.82                     0.66
                1848                    26.55                     0.73
                1849                    27.32                     0.77
                1850                    28.00                     0.68
                1851                    28.70                     0.70
                1852                    29.37                     0.67
                1853                    29.97                     0.60
                1854                    30.58                     0.61
                1855                    31.07                     0.48
                1856                    31.63                     0.56
                1857                    32.03                     0.40
                1858                    32.57                     0.54
                1859                    33.07                     0.50
                1860                    33.60                     0.53
                1861                    34.24                     0.63
                1862                    34.89                     0.65
                1863                    35.37                     0.48
                1864                    35.92                     0.55
                1865                    36.46                     0.54
                1866                    37.09                     0.63
                1867                    37.62                     0.53
                1868                    38.11                     0.49
                1869                    38.58                     0.47
                1870                    39.12                     0.53
                1871                    39.92                     0.80
                1872                    40.60                     0.68
                1873                    41.18                     0.58
                1874                    41.76                     0.58
                1875                    42.32                     0.56
                1876                    42.94                     0.62
                1877                    43.54                     0.60
                1878                    44.15                     0.61
                1879                    44.89                     0.74
                1880                    45.69                     0.80
                1881                    46.34                     0.65
                1882                    46.90                     0.56
                1883                    47.50                     0.60
                1884                    48.04                     0.54
                1885                    48.69                     0.64
                1886                    49.24                     0.55
                1887                    49.82                     0.59
                1888                    50.45                     0.63
                1889                    51.13                     0.68
                1890                    51.70                     0.57
                1891                    52.22                     0.52
                1892                    52.80                     0.58
                1893                    53.28                     0.48
                1894                    53.80                     0.52
                1895                    54.41                     0.61
                1896                    54.97                     0.56
                1897                    55.51                     0.54
                1898                    55.98                     0.47
                1899                    56.56                     0.59
                1900                    57.03                     0.46
                1901                    57.54                     0.51
                1902                    58.02                     0.48
                1903                    58.46                     0.45
                1904                    58.94                     0.48
                1905                    59.48                     0.53
                1906                    59.98                     0.50
                1907                    60.41                     0.43
                1908                    60.80                     0.40
                1909                    61.21                     0.40
                1910                    61.64                     0.43
                1911                    62.04                     0.41
                1912                    62.49                     0.44
                1913                    62.95                     0.46
                1914                    63.36                     0.41
                1915                    63.70                     0.34
                1916                    64.15                     0.45
                1917                    64.52                     0.37
                1918                    64.88                     0.36
                1919                    65.44                     0.56
                1920                    65.78                     0.34
                1921                    66.13                     0.35
                1922                    66.51                     0.38
                1923                    66.98                     0.47
                1924                    67.37                     0.39
                1925                    67.74                     0.38
                1926                    68.10                     0.36
                1927                    68.46                     0.35
                1928                    68.87                     0.41
                1929                    69.26                     0.39
                1930                    69.65                     0.39
                1931                    70.00                     0.35
                1932                    70.42                     0.42
                1933                    70.79                     0.37
                1934                    71.18                     0.39
                1935                    71.51                     0.33
                1936                    71.89                     0.38
                1937                    72.26                     0.37
                1938                    72.69                     0.43
                1939                    73.03                     0.34
                1940                    73.44                     0.41
                1941                    73.82                     0.38
                1942                    74.15                     0.33
                1943                    74.59                     0.44
                1944                    74.99                     0.40
                1945                    75.35                     0.36
                1946                    75.79                     0.44
                1947                    76.16                     0.38
                1948                    76.54                     0.38
                1949                    77.01                     0.47
                1950                    77.41                     0.40
                1951                    77.75                     0.33
                1952                    78.18                     0.43
                1953                    78.58                     0.40
                1954                    79.03                     0.45
                1955                    79.48                     0.46
                1956                    79.99                     0.50
                1957                    80.42                     0.44
                1958                    80.89                     0.47
                1959                    81.33                     0.44
                1960                    81.78                     0.45
                1961                    82.27                     0.49
                1962                    82.75                     0.48
                1963                    83.22                     0.47
                1964                    83.57                     0.35
                1965                    84.06                     0.49
                1966                    84.50                     0.44
                1967                    84.94                     0.44
                1968                    85.29                     0.35
                1969                    85.68                     0.40
                1970                    86.04                     0.35
                1971                    86.39                     0.35
                1972                    86.77                     0.38
                1973                    87.08                     0.31
                1974                    87.56                     0.48
                1975                    87.96                     0.40
                1976                    88.32                     0.36
                1977                    88.74                     0.42
                1978                    89.24                     0.50
                1979                    89.60                     0.36
                1980                    90.08                     0.48
                1981                    90.59                     0.51
                1982                    91.01                     0.41
                1983                    91.48                     0.48
                1984                    91.95                     0.47
                1985                    92.54                     0.59
                1986                    92.91                     0.38
                1987                    93.42                     0.50
                1988                    93.64                     0.22
                1989                    93.90                     0.26
                1990                    94.26                     0.36
                1991                    94.56                     0.30
                1992                    94.76                     0.20
                1993                    95.00                     0.24
                1994                    95.20                     0.20
                1995                    95.48                     0.28
                1996                    95.70                     0.22
                1997                    95.86                     0.16
                1998                    96.05                     0.18
                1999                    96.30                     0.26
                2000                    96.42                     0.11
                2001                    96.55                     0.13
                2002                    96.67                     0.13
                2003                    96.81                     0.14
                2004                    96.92                     0.11
                2005                    97.03                     0.11
                2006                    97.17                     0.14
                2007                    97.23                     0.06
                2008                    97.36                     0.13
                2009                    97.47                     0.11
                2010                    97.58                     0.11
                2011                    97.72                     0.14
                2012                    97.87                     0.15
                2013                    98.00                     0.13
                2014                    98.22                     0.21
                2015                    98.35                     0.13
                2016                    98.51                     0.16
                2017                    98.64                     0.13
                2018                    98.80                     0.16
                2019                    98.95                     0.15
                2020                    99.12                     0.17
                2021                    99.23                     0.11
                2022                    99.40                     0.17
                2023                    99.59                     0.19
                2024                    99.62                     0.04
                2025                    99.68                     0.06
                2026                    99.75                     0.06
                2027                    99.80                     0.05
                2028                    99.82                     0.02
                2029                    99.85                     0.03
                2030                    99.86                     0.01
                2031                    99.88                     0.02
                2032                    99.89                     0.01
                2033                    99.90                     0.01
                2034                    99.92                     0.02
                2035                    99.94                     0.01
                2036                    99.95                     0.01
                2037                    99.95                     0.01
                2038                    99.95                     0.00
                2039                    99.97                     0.02
                2040                    99.97                     0.00
                2041                    99.98                     0.01
                2042                    99.98                     0.01
                2043                    99.99                     0.01
                2044                    99.99                     0.00
                2045                   100.00                     0.01

------------------------------------------------------------------------------
Subbasin 1

Statistics: All elevations reported in meters
-----------

  Minimum elevation: 1798
  Maximum elevation: 1880
     Mean elevation: 1834.11
 Standard deviation: 17.46

              Elevation          % area up to elevation    % area of subbasin
                1798                     0.16                     0.16
                1799                     0.31                     0.16
                1800                     1.05                     0.74
                1801                     2.14                     1.09
                1802                     3.23                     1.09
                1803                     3.70                     0.47
                1804                     4.75                     1.05
                1805                     6.23                     1.48
                1806                     7.94                     1.71
                1807                     9.30                     1.36
                1808                    11.29                     1.99
                1809                    12.57                     1.28
                1810                    13.62                     1.05
                1811                    14.83                     1.21
                1812                    16.35                     1.52
                1813                    17.24                     0.90
                1814                    18.57                     1.32
                1815                    20.63                     2.06
                1816                    22.07                     1.44
                1817                    23.43                     1.36
                1818                    24.56                     1.13
                1819                    25.26                     0.70
                1820                    26.31                     1.05
                1821                    27.25                     0.93
                1822                    28.49                     1.25
                1823                    29.54                     1.05
                1824                    30.48                     0.93
                1825                    31.72                     1.25
                1826                    33.05                     1.32
                1827                    34.41                     1.36
                1828                    36.05                     1.63
                1829                    37.87                     1.83
                1830                    39.16                     1.28
                1831                    40.17                     1.01
                1832                    41.53                     1.36
                1833                    42.86                     1.32
                1834                    44.34                     1.48
                1835                    45.58                     1.25
                1836                    47.18                     1.60
                1837                    48.85                     1.67
                1838                    51.23                     2.37
                1839                    53.13                     1.91
                1840                    54.89                     1.75
                1841                    57.18                     2.30
                1842                    60.57                     3.39
                1843                    63.49                     2.92
                1844                    66.06                     2.57
                1845                    68.35                     2.30
                1846                    71.66                     3.31
                1847                    74.74                     3.08
                1848                    78.05                     3.31
                1849                    81.39                     3.35
                1850                    84.12                     2.72
                1851                    86.65                     2.53
                1852                    88.98                     2.34
                1853                    90.54                     1.56
                1854                    92.02                     1.48
                1855                    92.88                     0.86
                1856                    93.69                     0.82
                1857                    94.16                     0.47
                1858                    94.75                     0.58
                1859                    95.37                     0.62
                1860                    95.80                     0.43
                1861                    96.54                     0.74
                1862                    96.96                     0.43
                1863                    97.31                     0.35
                1864                    97.55                     0.23
                1865                    97.86                     0.31
                1866                    98.01                     0.16
                1867                    98.21                     0.19
                1868                    98.40                     0.19
                1869                    98.64                     0.23
                1870                    98.87                     0.23
                1871                    99.26                     0.39
                1872                    99.34                     0.08
                1873                    99.46                     0.12
                1874                    99.65                     0.19
                1875                    99.73                     0.08
                1876                    99.84                     0.12
                1877                    99.88                     0.04
                1878                    99.92                     0.04
                1879                    99.96                     0.04
                1880                   100.00                     0.04

------------------------------------------------------------------------------
Subbasin 2

Statistics: All elevations reported in meters
-----------

  Minimum elevation: 1846
  Maximum elevation: 2045
     Mean elevation: 1912.97
 Standard deviation: 35.11

              Elevation          % area up to elevation    % area of subbasin
                1846                     0.10                     0.10
                1847                     0.12                     0.02
                1848                     0.24                     0.12
                1849                     0.39                     0.15
                1850                     0.56                     0.17
                1851                     0.83                     0.27
                1852                     1.09                     0.27
                1853                     1.48                     0.39
                1854                     2.04                     0.56
                1855                     2.48                     0.44
                1856                     3.11                     0.63
                1857                     3.55                     0.44
                1858                     4.18                     0.63
                1859                     4.88                     0.70
                1860                     5.37                     0.49
                1861                     5.95                     0.58
                1862                     6.73                     0.78
                1863                     7.26                     0.53
                1864                     8.14                     0.87
                1865                     8.79                     0.66
                1866                     9.57                     0.78
                1867                    10.33                     0.75
                1868                    11.18                     0.85
                1869                    11.93                     0.75
                1870                    12.49                     0.56
                1871                    13.29                     0.80
                1872                    14.41                     1.12
                1873                    15.18                     0.78
                1874                    15.96                     0.78
                1875                    16.57                     0.61
                1876                    17.18                     0.61
                1877                    18.10                     0.92
                1878                    18.93                     0.83
                1879                    20.14                     1.21
                1880                    21.43                     1.29
                1881                    22.25                     0.83
                1882                    22.84                     0.58
                1883                    23.57                     0.73
                1884                    24.25                     0.68
                1885                    25.05                     0.80
                1886                    25.87                     0.83
                1887                    26.82                     0.95
                1888                    27.87                     1.04
                1889                    28.81                     0.95
                1890                    29.59                     0.78
                1891                    30.39                     0.80
                1892                    31.54                     1.14
                1893                    32.41                     0.87
                1894                    33.43                     1.02
                1895                    34.60                     1.17
                1896                    35.59                     1.00
                1897                    36.71                     1.12
                1898                    37.61                     0.90
                1899                    38.80                     1.19
                1900                    39.75                     0.95
                1901                    40.74                     1.00
                1902                    41.55                     0.80
                1903                    42.44                     0.90
                1904                    43.59                     1.14
                1905                    44.87                     1.29
                1906                    46.14                     1.26
                1907                    47.11                     0.97
                1908                    47.93                     0.83
                1909                    48.93                     1.00
                1910                    50.05                     1.12
                1911                    51.04                     1.00
                1912                    52.31                     1.26
                1913                    53.33                     1.02
                1914                    54.40                     1.07
                1915                    55.05                     0.66
                1916                    56.24                     1.19
                1917                    57.24                     1.00
                1918                    58.21                     0.97
                1919                    59.67                     1.46
                1920                    60.52                     0.85
                1921                    61.30                     0.78
                1922                    62.10                     0.80
                1923                    63.07                     0.97
                1924                    63.99                     0.92
                1925                    64.82                     0.83
                1926                    65.50                     0.68
                1927                    66.33                     0.83
                1928                    67.13                     0.80
                1929                    67.83                     0.70
                1930                    68.49                     0.66
                1931                    69.14                     0.66
                1932                    69.97                     0.83
                1933                    70.60                     0.63
                1934                    71.38                     0.78
                1935                    72.11                     0.73
                1936                    72.62                     0.51
                1937                    73.28                     0.66
                1938                    74.03                     0.75
                1939                    74.73                     0.70
                1940                    75.46                     0.73
                1941                    76.02                     0.56
                1942                    76.70                     0.68
                1943                    77.58                     0.87
                1944                    78.28                     0.70
                1945                    78.96                     0.68
                1946                    79.71                     0.75
                1947                    80.42                     0.70
                1948                    81.03                     0.61
                1949                    81.73                     0.70
                1950                    82.39                     0.66
                1951                    82.87                     0.49
                1952                    83.53                     0.66
                1953                    84.21                     0.68
                1954                    84.84                     0.63
                1955                    85.42                     0.58
                1956                    86.20                     0.78
                1957                    86.71                     0.51
                1958                    87.37                     0.66
                1959                    88.10                     0.73
                1960                    88.80                     0.70
                1961                    89.80                     1.00
                1962                    90.74                     0.95
                1963                    91.76                     1.02
                1964                    92.23                     0.46
                1965                    93.15                     0.92
                1966                    93.90                     0.75
                1967                    94.53                     0.63
                1968                    94.83                     0.29
                1969                    95.17                     0.34
                1970                    95.48                     0.32
                1971                    95.65                     0.17
                1972                    95.80                     0.15
                1973                    96.04                     0.24
                1974                    96.31                     0.27
                1975                    96.48                     0.17
                1976                    96.72                     0.24
                1977                    97.23                     0.51
                1978                    97.59                     0.36
                1979                    97.79                     0.19
                1980                    98.01                     0.22
                1981                    98.23                     0.22
                1982                    98.52                     0.29
                1983                    98.62                     0.10
                1984                    98.79                     0.17
                1985                    98.83                     0.05
                1986                    98.86                     0.02
                1987                    98.93                     0.07
                1988                    98.98                     0.05
                1989                    99.00                     0.02
                1990                    99.13                     0.12
                1991                    99.13                     0.00
                1992                    99.15                     0.02
                1993                    99.15                     0.00
                1994                    99.17                     0.02
                1995                    99.20                     0.02
                1996                    99.22                     0.02
                1997                    99.27                     0.05
                1998                    99.34                     0.07
                1999                    99.34                     0.00
                2000                    99.37                     0.02
                2001                    99.39                     0.02
                2002                    99.39                     0.00
                2003                    99.39                     0.00
                2004                    99.39                     0.00
                2005                    99.39                     0.00
                2006                    99.42                     0.02
                2007                    99.42                     0.00
                2008                    99.47                     0.05
                2009                    99.49                     0.02
                2010                    99.49                     0.00
                2011                    99.51                     0.02
                2012                    99.56                     0.05
                2013                    99.56                     0.00
                2014                    99.56                     0.00
                2015                    99.59                     0.02
                2016                    99.59                     0.00
                2017                    99.61                     0.02
                2018                    99.61                     0.00
                2019                    99.61                     0.00
                2020                    99.61                     0.00
                2021                    99.61                     0.00
                2022                    99.71                     0.10
                2023                    99.73                     0.02
                2024                    99.73                     0.00
                2025                    99.73                     0.00
                2026                    99.73                     0.00
                2027                    99.76                     0.02
                2028                    99.76                     0.00
                2029                    99.76                     0.00
                2030                    99.78                     0.02
                2031                    99.83                     0.05
                2032                    99.85                     0.02
                2033                    99.85                     0.00
                2034                    99.88                     0.02
                2035                    99.90                     0.02
                2036                    99.93                     0.02
                2037                    99.93                     0.00
                2038                    99.93                     0.00
                2039                    99.95                     0.02
                2040                    99.95                     0.00
                2041                    99.95                     0.00
                2042                    99.95                     0.00
                2043                    99.98                     0.02
                2044                    99.98                     0.00
                2045                   100.00                     0.02

------------------------------------------------------------------------------
Subbasin 3

Statistics: All elevations reported in meters
-----------

  Minimum elevation: 1798
  Maximum elevation: 1956
     Mean elevation: 1859.11
 Standard deviation: 37.21

              Elevation          % area up to elevation    % area of subbasin
                1798                     0.10                     0.10
                1799                     0.52                     0.42
                1800                     1.28                     0.76
                1801                     2.41                     1.12
                1802                     3.51                     1.10
                1803                     4.58                     1.07
                1804                     5.55                     0.97
                1805                     6.77                     1.23
                1806                     8.06                     1.28
                1807                     9.08                     1.02
                1808                    10.10                     1.02
                1809                    10.78                     0.68
                1810                    11.69                     0.92
                1811                    12.56                     0.86
                1812                    13.00                     0.44
                1813                    13.39                     0.39
                1814                    13.97                     0.58
                1815                    14.67                     0.71
                1816                    15.20                     0.52
                1817                    15.83                     0.63
                1818                    16.37                     0.55
                1819                    16.95                     0.58
                1820                    17.79                     0.84
                1821                    18.60                     0.81
                1822                    19.78                     1.18
                1823                    20.69                     0.92
                1824                    21.40                     0.71
                1825                    22.26                     0.86
                1826                    23.04                     0.78
                1827                    23.83                     0.78
                1828                    24.72                     0.89
                1829                    25.24                     0.52
                1830                    25.87                     0.63
                1831                    26.89                     1.02
                1832                    27.67                     0.78
                1833                    28.46                     0.78
                1834                    29.30                     0.84
                1835                    30.47                     1.18
                1836                    31.36                     0.89
                1837                    32.17                     0.81
                1838                    33.01                     0.84
                1839                    33.80                     0.78
                1840                    34.58                     0.78
                1841                    35.57                     0.99
                1842                    36.41                     0.84
                1843                    37.17                     0.76
                1844                    38.11                     0.94
                1845                    39.05                     0.94
                1846                    39.99                     0.94
                1847                    40.86                     0.86
                1848                    41.64                     0.78
                1849                    42.69                     1.05
                1850                    43.60                     0.92
                1851                    44.73                     1.12
                1852                    45.59                     0.86
                1853                    46.61                     1.02
                1854                    47.45                     0.84
                1855                    48.39                     0.94
                1856                    49.33                     0.94
                1857                    50.14                     0.81
                1858                    51.11                     0.97
                1859                    51.92                     0.81
                1860                    52.81                     0.89
                1861                    54.07                     1.26
                1862                    55.22                     1.15
                1863                    55.95                     0.73
                1864                    56.60                     0.65
                1865                    57.28                     0.68
                1866                    58.38                     1.10
                1867                    59.22                     0.84
                1868                    59.98                     0.76
                1869                    60.69                     0.71
                1870                    61.63                     0.94
                1871                    63.04                     1.41
                1872                    63.85                     0.81
                1873                    64.74                     0.89
                1874                    65.47                     0.73
                1875                    66.34                     0.86
                1876                    67.22                     0.89
                1877                    68.04                     0.81
                1878                    69.21                     1.18
                1879                    70.36                     1.15
                1880                    71.46                     1.10
                1881                    72.46                     0.99
                1882                    73.40                     0.94
                1883                    74.42                     1.02
                1884                    75.02                     0.60
                1885                    75.91                     0.89
                1886                    76.75                     0.84
                1887                    77.43                     0.68
                1888                    78.26                     0.84
                1889                    79.31                     1.05
                1890                    80.15                     0.84
                1891                    80.77                     0.63
                1892                    81.38                     0.60
                1893                    81.79                     0.42
                1894                    82.34                     0.55
                1895                    83.02                     0.68
                1896                    83.49                     0.47
                1897                    84.15                     0.65
                1898                    84.59                     0.44
                1899                    85.17                     0.58
                1900                    85.59                     0.42
                1901                    86.08                     0.50
                1902                    86.74                     0.65
                1903                    87.13                     0.39
                1904                    87.58                     0.44
                1905                    88.05                     0.47
                1906                    88.49                     0.44
                1907                    88.96                     0.47
                1908                    89.41                     0.44
                1909                    89.77                     0.37
                1910                    90.16                     0.39
                1911                    90.43                     0.26
                1912                    90.79                     0.37
                1913                    91.26                     0.47
                1914                    91.55                     0.29
                1915                    91.79                     0.24
                1916                    92.10                     0.31
                1917                    92.18                     0.08
                1918                    92.39                     0.21
                1919                    92.86                     0.47
                1920                    93.09                     0.24
                1921                    93.36                     0.26
                1922                    93.57                     0.21
                1923                    93.77                     0.21
                1924                    94.01                     0.24
                1925                    94.25                     0.24
                1926                    94.51                     0.26
                1927                    94.69                     0.18
                1928                    94.98                     0.29
                1929                    95.24                     0.26
                1930                    95.40                     0.16
                1931                    95.63                     0.24
                1932                    95.97                     0.34
                1933                    96.34                     0.37
                1934                    96.65                     0.31
                1935                    96.86                     0.21
                1936                    96.99                     0.13
                1937                    97.31                     0.31
                1938                    97.72                     0.42
                1939                    97.83                     0.10
                1940                    98.12                     0.29
                1941                    98.35                     0.24
                1942                    98.46                     0.10
                1943                    98.67                     0.21
                1944                    98.95                     0.29
                1945                    99.08                     0.13
                1946                    99.29                     0.21
                1947                    99.40                     0.10
                1948                    99.48                     0.08
                1949                    99.63                     0.16
                1950                    99.76                     0.13
                1951                    99.76                     0.00
                1952                    99.82                     0.05
                1953                    99.82                     0.00
                1954                    99.95                     0.13
                1955                    99.95                     0.00
                1956                   100.00                     0.05

------------------------------------------------------------------------------
Subbasin 4

Statistics: All elevations reported in meters
-----------

  Minimum elevation: 1846
  Maximum elevation: 1990
     Mean elevation: 1914.22
 Standard deviation: 35.98

              Elevation          % area up to elevation    % area of subbasin
                1846                     0.07                     0.07
                1847                     0.15                     0.07
                1848                     0.15                     0.00
                1849                     0.22                     0.07
                1850                     0.33                     0.11
                1851                     0.33                     0.00
                1852                     0.52                     0.19
                1853                     0.74                     0.22
                1854                     1.04                     0.30
                1855                     1.30                     0.26
                1856                     1.56                     0.26
                1857                     1.71                     0.15
                1858                     1.90                     0.19
                1859                     2.12                     0.22
                1860                     2.75                     0.63
                1861                     3.27                     0.52
                1862                     4.05                     0.78
                1863                     4.57                     0.52
                1864                     5.39                     0.82
                1865                     6.24                     0.85
                1866                     7.13                     0.89
                1867                     7.69                     0.56
                1868                     7.99                     0.30
                1869                     8.58                     0.59
                1870                     9.51                     0.93
                1871                    10.78                     1.26
                1872                    11.85                     1.08
                1873                    12.78                     0.93
                1874                    13.86                     1.08
                1875                    15.16                     1.30
                1876                    16.39                     1.23
                1877                    17.24                     0.85
                1878                    17.99                     0.74
                1879                    19.10                     1.11
                1880                    20.70                     1.60
                1881                    22.00                     1.30
                1882                    23.19                     1.19
                1883                    24.41                     1.23
                1884                    25.90                     1.49
                1885                    27.35                     1.45
                1886                    28.13                     0.78
                1887                    29.28                     1.15
                1888                    30.62                     1.34
                1889                    31.85                     1.23
                1890                    32.92                     1.08
                1891                    34.00                     1.08
                1892                    35.01                     1.00
                1893                    35.97                     0.97
                1894                    37.09                     1.11
                1895                    38.24                     1.15
                1896                    39.43                     1.19
                1897                    40.21                     0.78
                1898                    40.99                     0.78
                1899                    41.92                     0.93
                1900                    42.66                     0.74
                1901                    43.59                     0.93
                1902                    44.22                     0.63
                1903                    45.08                     0.85
                1904                    45.75                     0.67
                1905                    46.56                     0.82
                1906                    47.34                     0.78
                1907                    48.12                     0.78
                1908                    48.90                     0.78
                1909                    49.50                     0.59
                1910                    50.13                     0.63
                1911                    50.95                     0.82
                1912                    51.54                     0.59
                1913                    52.47                     0.93
                1914                    53.18                     0.71
                1915                    54.14                     0.97
                1916                    55.00                     0.85
                1917                    55.89                     0.89
                1918                    56.60                     0.71
                1919                    57.49                     0.89
                1920                    58.16                     0.67
                1921                    59.01                     0.85
                1922                    60.09                     1.08
                1923                    61.46                     1.37
                1924                    62.39                     0.93
                1925                    63.29                     0.89
                1926                    64.21                     0.93
                1927                    64.99                     0.78
                1928                    65.77                     0.78
                1929                    66.44                     0.67
                1930                    67.30                     0.85
                1931                    68.08                     0.78
                1932                    68.71                     0.63
                1933                    69.34                     0.63
                1934                    70.05                     0.71
                1935                    70.53                     0.48
                1936                    71.35                     0.82
                1937                    71.91                     0.56
                1938                    72.58                     0.67
                1939                    73.06                     0.48
                1940                    73.65                     0.59
                1941                    74.25                     0.59
                1942                    74.77                     0.52
                1943                    75.62                     0.85
                1944                    76.18                     0.56
                1945                    76.77                     0.59
                1946                    77.44                     0.67
                1947                    78.30                     0.85
                1948                    78.97                     0.67
                1949                    80.04                     1.08
                1950                    80.60                     0.56
                1951                    81.12                     0.52
                1952                    82.27                     1.15
                1953                    82.98                     0.71
                1954                    83.87                     0.89
                1955                    84.84                     0.97
                1956                    85.66                     0.82
                1957                    86.32                     0.67
                1958                    87.25                     0.93
                1959                    87.70                     0.45
                1960                    88.22                     0.52
                1961                    88.44                     0.22
                1962                    88.70                     0.26
                1963                    88.96                     0.26
                1964                    89.11                     0.15
                1965                    89.48                     0.37
                1966                    89.63                     0.15
                1967                    89.78                     0.15
                1968                    90.08                     0.30
                1969                    90.30                     0.22
                1970                    90.38                     0.07
                1971                    90.86                     0.48
                1972                    91.04                     0.19
                1973                    91.27                     0.22
                1974                    91.75                     0.48
                1975                    92.20                     0.45
                1976                    92.46                     0.26
                1977                    92.87                     0.41
                1978                    93.39                     0.52
                1979                    93.68                     0.30
                1980                    94.39                     0.71
                1981                    94.91                     0.52
                1982                    95.54                     0.63
                1983                    96.40                     0.85
                1984                    97.25                     0.85
                1985                    98.25                     1.00
                1986                    98.96                     0.71
                1987                    99.74                     0.78
                1988                    99.85                     0.11
                1989                    99.96                     0.11
                1990                   100.00                     0.04

------------------------------------------------------------------------------
Subbasin 5

Statistics: All elevations reported in meters
-----------

  Minimum elevation: 1791
  Maximum elevation: 1812
     Mean elevation: 1796.92
 Standard deviation: 3.69

              Elevation          % area up to elevation    % area of subbasin
                1791                     0.97                     0.97
                1792                    10.53                     9.56
                1793                    23.18                    12.64
                1794                    29.66                     6.48
                1795                    36.95                     7.29
                1796                    48.30                    11.35
                1797                    60.94                    12.64
                1798                    69.69                     8.75
                1799                    78.77                     9.08
                1800                    84.60                     5.83
                1801                    87.84                     3.24
                1802                    91.73                     3.89
                1803                    94.49                     2.76
                1804                    96.27                     1.78
                1805                    98.06                     1.78
                1806                    98.54                     0.49
                1807                    99.03                     0.49
                1808                    99.35                     0.32
                1809                    99.68                     0.32
                1810                    99.84                     0.16
                1811                    99.84                     0.00
                1812                   100.00                     0.16

------------------------------------------------------------------------------
Subbasin 6

Statistics: All elevations reported in meters
-----------

  Minimum elevation: 1789
  Maximum elevation: 1945
     Mean elevation: 1850.66
 Standard deviation: 35.03

              Elevation          % area up to elevation    % area of subbasin
                1789                     0.74                     0.74
                1790                     1.40                     0.66
                1791                     2.58                     1.18
                1792                     4.27                     1.69
                1793                     5.30                     1.03
                1794                     6.33                     1.03
                1795                     7.73                     1.40
                1796                     8.84                     1.10
                1797                     9.65                     0.81
                1798                    10.24                     0.59
                1799                    10.90                     0.66
                1800                    11.34                     0.44
                1801                    11.78                     0.44
                1802                    12.00                     0.22
                1803                    12.30                     0.29
                1804                    12.81                     0.52
                1805                    13.40                     0.59
                1806                    13.92                     0.52
                1807                    14.36                     0.44
                1808                    14.95                     0.59
                1809                    15.91                     0.96
                1810                    16.57                     0.66
                1811                    17.16                     0.59
                1812                    18.26                     1.10
                1813                    18.78                     0.52
                1814                    19.15                     0.37
                1815                    19.81                     0.66
                1816                    20.62                     0.81
                1817                    21.50                     0.88
                1818                    22.39                     0.88
                1819                    22.90                     0.52
                1820                    24.01                     1.10
                1821                    24.96                     0.96
                1822                    25.92                     0.96
                1823                    27.25                     1.33
                1824                    28.28                     1.03
                1825                    29.31                     1.03
                1826                    30.04                     0.74
                1827                    30.56                     0.52
                1828                    31.00                     0.44
                1829                    31.66                     0.66
                1830                    32.47                     0.81
                1831                    33.28                     0.81
                1832                    34.32                     1.03
                1833                    34.68                     0.37
                1834                    35.42                     0.74
                1835                    36.16                     0.74
                1836                    36.82                     0.66
                1837                    37.56                     0.74
                1838                    37.92                     0.37
                1839                    38.29                     0.37
                1840                    39.32                     1.03
                1841                    40.35                     1.03
                1842                    41.02                     0.66
                1843                    41.38                     0.37
                1844                    42.12                     0.74
                1845                    42.49                     0.37
                1846                    43.45                     0.96
                1847                    44.04                     0.59
                1848                    45.21                     1.18
                1849                    45.88                     0.66
                1850                    46.76                     0.88
                1851                    47.57                     0.81
                1852                    48.75                     1.18
                1853                    49.56                     0.81
                1854                    50.52                     0.96
                1855                    51.03                     0.52
                1856                    52.14                     1.10
                1857                    52.80                     0.66
                1858                    54.12                     1.33
                1859                    54.93                     0.81
                1860                    56.19                     1.25
                1861                    57.14                     0.96
                1862                    58.10                     0.96
                1863                    59.28                     1.18
                1864                    60.31                     1.03
                1865                    61.56                     1.25
                1866                    62.67                     1.10
                1867                    63.77                     1.10
                1868                    64.87                     1.10
                1869                    65.46                     0.59
                1870                    66.13                     0.66
                1871                    67.45                     1.33
                1872                    68.85                     1.40
                1873                    69.88                     1.03
                1874                    70.91                     1.03
                1875                    71.58                     0.66
                1876                    73.12                     1.55
                1877                    74.52                     1.40
                1878                    75.55                     1.03
                1879                    76.44                     0.88
                1880                    77.17                     0.74
                1881                    78.20                     1.03
                1882                    79.09                     0.88
                1883                    79.82                     0.74
                1884                    80.56                     0.74
                1885                    81.59                     1.03
                1886                    82.70                     1.10
                1887                    83.65                     0.96
                1888                    84.09                     0.44
                1889                    85.13                     1.03
                1890                    86.16                     1.03
                1891                    86.89                     0.74
                1892                    87.70                     0.81
                1893                    88.59                     0.88
                1894                    88.88                     0.29
                1895                    89.47                     0.59
                1896                    90.50                     1.03
                1897                    91.09                     0.59
                1898                    91.97                     0.88
                1899                    92.93                     0.96
                1900                    93.74                     0.81
                1901                    94.48                     0.74
                1902                    95.51                     1.03
                1903                    96.10                     0.59
                1904                    96.69                     0.59
                1905                    97.13                     0.44
                1906                    97.35                     0.22
                1907                    97.42                     0.07
                1908                    97.57                     0.15
                1909                    97.86                     0.29
                1910                    98.01                     0.15
                1911                    98.23                     0.22
                1912                    98.23                     0.00
                1913                    98.31                     0.07
                1914                    98.45                     0.15
                1915                    98.60                     0.15
                1916                    98.60                     0.00
                1917                    98.67                     0.07
                1918                    98.67                     0.00
                1919                    98.82                     0.15
                1920                    98.90                     0.07
                1921                    98.90                     0.00
                1922                    98.97                     0.07
                1923                    98.97                     0.00
                1924                    98.97                     0.00
                1925                    99.04                     0.07
                1926                    99.04                     0.00
                1927                    99.12                     0.07
                1928                    99.12                     0.00
                1929                    99.26                     0.15
                1930                    99.34                     0.07
                1931                    99.34                     0.00
                1932                    99.34                     0.00
                1933                    99.41                     0.07
                1934                    99.41                     0.00
                1935                    99.41                     0.00
                1936                    99.41                     0.00
                1937                    99.56                     0.15
                1938                    99.63                     0.07
                1939                    99.85                     0.22
                1940                    99.85                     0.00
                1941                    99.85                     0.00
                1942                    99.85                     0.00
                1943                    99.85                     0.00
                1944                    99.93                     0.07
                1945                   100.00                     0.07

------------------------------------------------------------------------------
Subbasin 7

Statistics: All elevations reported in meters
-----------

  Minimum elevation: 1789
  Maximum elevation: 1794
     Mean elevation: 1790.94
 Standard deviation: 0.98

              Elevation          % area up to elevation    % area of subbasin
                1789                     5.00                     5.00
                1790                    33.00                    28.00
                1791                    75.00                    42.00
                1792                    94.00                    19.00
                1793                    99.00                     5.00
                1794                   100.00                     1.00

------------------------------------------------------------------------------
Subbasin 8

Statistics: All elevations reported in meters
-----------

  Minimum elevation: 1923
  Maximum elevation: 2043
     Mean elevation: 1981.91
 Standard deviation: 25.23

              Elevation          % area up to elevation    % area of subbasin
                1923                     0.05                     0.05
                1924                     0.09                     0.05
                1925                     0.14                     0.05
                1926                     0.23                     0.09
                1927                     0.23                     0.00
                1928                     0.59                     0.36
                1929                     0.96                     0.36
                1930                     1.37                     0.41
                1931                     1.69                     0.32
                1932                     2.14                     0.46
                1933                     2.46                     0.32
                1934                     2.78                     0.32
                1935                     3.10                     0.32
                1936                     3.64                     0.55
                1937                     4.05                     0.41
                1938                     4.51                     0.46
                1939                     5.01                     0.50
                1940                     5.65                     0.64
                1941                     6.56                     0.91
                1942                     7.06                     0.50
                1943                     7.56                     0.50
                1944                     8.02                     0.46
                1945                     8.61                     0.59
                1946                     9.16                     0.55
                1947                     9.66                     0.50
                1948                    10.43                     0.77
                1949                    11.16                     0.73
                1950                    11.98                     0.82
                1951                    12.98                     1.00
                1952                    13.67                     0.68
                1953                    14.53                     0.87
                1954                    15.49                     0.96
                1955                    16.63                     1.14
                1956                    17.81                     1.18
                1957                    19.32                     1.50
                1958                    19.95                     0.64
                1959                    21.05                     1.09
                1960                    22.14                     1.09
                1961                    23.28                     1.14
                1962                    24.46                     1.18
                1963                    25.79                     1.32
                1964                    26.97                     1.18
                1965                    27.93                     0.96
                1966                    29.34                     1.41
                1967                    30.62                     1.28
                1968                    31.80                     1.18
                1969                    33.35                     1.55
                1970                    34.85                     1.50
                1971                    36.13                     1.28
                1972                    37.31                     1.18
                1973                    38.54                     1.23
                1974                    40.41                     1.87
                1975                    41.55                     1.14
                1976                    42.82                     1.28
                1977                    43.96                     1.14
                1978                    45.51                     1.55
                1979                    46.38                     0.87
                1980                    47.65                     1.28
                1981                    48.97                     1.32
                1982                    50.02                     1.05
                1983                    50.93                     0.91
                1984                    52.12                     1.18
                1985                    53.58                     1.46
                1986                    54.72                     1.14
                1987                    56.13                     1.41
                1988                    57.22                     1.09
                1989                    58.86                     1.64
                1990                    60.96                     2.10
                1991                    63.10                     2.14
                1992                    64.46                     1.37
                1993                    66.20                     1.73
                1994                    67.47                     1.28
                1995                    69.34                     1.87
                1996                    70.66                     1.32
                1997                    71.66                     1.00
                1998                    72.67                     1.00
                1999                    74.26                     1.59
                2000                    75.03                     0.77
                2001                    75.72                     0.68
                2002                    76.63                     0.91
                2003                    77.59                     0.96
                2004                    78.36                     0.77
                2005                    79.04                     0.68
                2006                    80.05                     1.00
                2007                    80.41                     0.36
                2008                    81.23                     0.82
                2009                    81.91                     0.68
                2010                    82.78                     0.87
                2011                    83.78                     1.00
                2012                    84.60                     0.82
                2013                    85.69                     1.09
                2014                    87.29                     1.59
                2015                    88.29                     1.00
                2016                    89.52                     1.23
                2017                    90.39                     0.87
                2018                    91.71                     1.32
                2019                    92.80                     1.09
                2020                    94.12                     1.32
                2021                    94.99                     0.87
                2022                    96.13                     1.14
                2023                    97.59                     1.46
                2024                    97.86                     0.27
                2025                    98.31                     0.46
                2026                    98.77                     0.46
                2027                    99.13                     0.36
                2028                    99.27                     0.14
                2029                    99.45                     0.18
                2030                    99.45                     0.00
                2031                    99.50                     0.05
                2032                    99.50                     0.00
                2033                    99.59                     0.09
                2034                    99.68                     0.09
                2035                    99.68                     0.00
                2036                    99.73                     0.05
                2037                    99.73                     0.00
                2038                    99.73                     0.00
                2039                    99.82                     0.09
                2040                    99.82                     0.00
                2041                    99.91                     0.09
                2042                    99.95                     0.05
                2043                   100.00                     0.05

------------------------------------------------------------------------------
Subbasin 9

Statistics: All elevations reported in meters
-----------

  Minimum elevation: 1923
  Maximum elevation: 2037
     Mean elevation: 1974.94
 Standard deviation: 19.42

              Elevation          % area up to elevation    % area of subbasin
                1923                     0.09                     0.09
                1924                     0.09                     0.00
                1925                     0.17                     0.09
                1926                     0.35                     0.17
                1927                     0.61                     0.26
                1928                     0.96                     0.35
                1929                     1.40                     0.44
                1930                     1.92                     0.52
                1931                     2.10                     0.17
                1932                     2.45                     0.35
                1933                     2.79                     0.35
                1934                     3.06                     0.26
                1935                     3.32                     0.26
                1936                     4.28                     0.96
                1937                     4.63                     0.35
                1938                     4.98                     0.35
                1939                     5.24                     0.26
                1940                     5.76                     0.52
                1941                     5.94                     0.17
                1942                     6.29                     0.35
                1943                     6.64                     0.35
                1944                     7.42                     0.79
                1945                     7.77                     0.35
                1946                     8.82                     1.05
                1947                     9.08                     0.26
                1948                     9.69                     0.61
                1949                    10.39                     0.70
                1950                    11.27                     0.87
                1951                    11.79                     0.52
                1952                    12.23                     0.44
                1953                    12.93                     0.70
                1954                    13.62                     0.70
                1955                    14.50                     0.87
                1956                    15.55                     1.05
                1957                    16.33                     0.79
                1958                    18.17                     1.83
                1959                    19.56                     1.40
                1960                    20.96                     1.40
                1961                    22.62                     1.66
                1962                    24.19                     1.57
                1963                    24.98                     0.79
                1964                    26.46                     1.48
                1965                    28.38                     1.92
                1966                    29.78                     1.40
                1967                    31.79                     2.01
                1968                    33.45                     1.66
                1969                    35.20                     1.75
                1970                    36.77                     1.57
                1971                    38.34                     1.57
                1972                    41.22                     2.88
                1973                    42.53                     1.31
                1974                    44.72                     2.18
                1975                    47.34                     2.62
                1976                    49.26                     1.92
                1977                    51.09                     1.83
                1978                    53.71                     2.62
                1979                    56.51                     2.79
                1980                    59.48                     2.97
                1981                    63.23                     3.76
                1982                    65.41                     2.18
                1983                    69.08                     3.67
                1984                    71.79                     2.71
                1985                    75.98                     4.19
                1986                    78.17                     2.18
                1987                    81.57                     3.41
                1988                    82.62                     1.05
                1989                    83.41                     0.79
                1990                    84.72                     1.31
                1991                    85.41                     0.70
                1992                    85.94                     0.52
                1993                    86.55                     0.61
                1994                    87.34                     0.79
                1995                    88.21                     0.87
                1996                    89.17                     0.96
                1997                    89.69                     0.52
                1998                    90.48                     0.79
                1999                    91.62                     1.14
                2000                    91.88                     0.26
                2001                    92.58                     0.70
                2002                    92.93                     0.35
                2003                    93.36                     0.44
                2004                    93.62                     0.26
                2005                    94.06                     0.44
                2006                    94.32                     0.26
                2007                    94.59                     0.26
                2008                    94.93                     0.35
                2009                    95.37                     0.44
                2010                    95.46                     0.09
                2011                    95.72                     0.26
                2012                    96.42                     0.70
                2013                    96.51                     0.09
                2014                    96.94                     0.44
                2015                    97.03                     0.09
                2016                    97.29                     0.26
                2017                    97.64                     0.35
                2018                    97.73                     0.09
                2019                    98.08                     0.35
                2020                    98.34                     0.26
                2021                    98.52                     0.17
                2022                    98.69                     0.17
                2023                    98.86                     0.17
                2024                    98.95                     0.09
                2025                    99.04                     0.09
                2026                    99.21                     0.17
                2027                    99.30                     0.09
                2028                    99.39                     0.09
                2029                    99.48                     0.09
                2030                    99.56                     0.09
                2031                    99.65                     0.09
                2032                    99.74                     0.09
                2033                    99.74                     0.00
                2034                    99.83                     0.09
                2035                    99.91                     0.09
                2036                    99.91                     0.00
                2037                   100.00                     0.09

------------------------------------------------------------------------------
