 Trial_Robit               SWAT+ Oct 10 2019    MODULAR Rev 2019.60.1                                     
   jday   mon   day    yr   unit  gis_id  name                       flo          dep_wt            stor          rchrg           seep          revap         no3_st           min           orgn           orgp         rchrgn          nloss          no3gw        seepno3        flo_cha        flo_res         flo_ls
                                                                       mm              m              mm             mm             mm             mm        kg/ha_N            kg        kg/ha_N        kg/ha_P        kg/ha_N        kg/ha_N        kg/ha_N             kg            m^3            m^3            m^3
   365    12    31  1991       1      10  aqu10                     0.000          4.055        297.233         18.378          0.919         40.142          1.433          0.000          0.000          0.000          3.741          0.000          0.000          0.007          0.000          0.000          0.000
   365    12    31  1991       2      20  aqu20                     0.000          4.084        295.777         15.997          0.800         40.142          1.168          0.000          0.000          0.000          3.114          0.000          0.000          0.005          0.000          0.000          0.000
   365    12    31  1991       3      30  aqu30                     0.000          4.084        295.806         15.545          0.777         40.142          1.147          0.000          0.000          0.000          2.958          0.000          0.000          0.005          0.000          0.000          0.000
   365    12    31  1991       4      40  aqu40                     0.000          4.067        296.628         17.207          0.860         40.142          1.311          0.000          0.000          0.000          3.410          0.000          0.000          0.006          0.000          0.000          0.000
   365    12    31  1991       5      50  aqu50                     0.000          3.926        303.705         25.173          1.259         40.142          2.105          0.000          0.000          0.000          4.371          0.000          0.000          0.011          0.000          0.000          0.000
   365    12    31  1991       6      60  aqu60                     0.000          4.108        294.597         13.412          0.671         40.142          0.924          0.000          0.000          0.000          2.399          0.000          0.000          0.004          0.000          0.000          0.000
   365    12    31  1991       7      70  aqu70                     0.000          3.798        310.113         30.788          1.539         40.142          2.626          0.000          0.000          0.000          4.327          0.000          0.000          0.015          0.000          0.000          0.000
   365    12    31  1991       8      80  aqu80                     0.000          4.094        295.291         14.552          0.728         40.142          1.042          0.000          0.000          0.000          2.670          0.000          0.000          0.004          0.000          0.000          0.000
   365    12    31  1991       9      90  aqu90                     0.000          4.089        295.547         15.062          0.753         40.142          1.089          0.000          0.000          0.000          2.793          0.000          0.000          0.005          0.000          0.000          0.000
   365    12    31  1991      10       7  aqu_deep7                 0.000         19.987       2400.384          0.819          0.000          0.000          0.000          0.000          0.000          0.000          0.000          0.000          0.000          0.000          0.000          0.000          0.000
   366    12    31  1992       1      10  aqu10                     0.000          4.336        283.177         32.110          1.606         39.971          6.229          0.000          0.000          0.000          5.216          0.000          0.000          0.037          0.000          0.000          0.000
   366    12    31  1992       2      20  aqu20                     0.000          4.447        277.655         26.349          1.317         39.971          5.040          0.000          0.000          0.000          4.078          0.000          0.000          0.025          0.000          0.000          0.000
   366    12    31  1992       3      30  aqu30                     0.000          4.471        276.430         24.513          1.226         39.971          4.734          0.000          0.000          0.000          3.729          0.000          0.000          0.022          0.000          0.000          0.000
   366    12    31  1992       4      40  aqu40                     0.000          4.392        280.408         29.094          1.455         39.971          5.589          0.000          0.000          0.000          4.585          0.000          0.000          0.030          0.000          0.000          0.000
   366    12    31  1992       5      50  aqu50                     0.000          4.074        296.286         38.853          1.943         39.971          7.684          0.000          0.000          0.000          5.818          0.000          0.000          0.051          0.000          0.000          0.000
   366    12    31  1992       6      60  aqu60                     0.000          4.576        271.217         18.267          0.913         39.971          3.650          0.000          0.000          0.000          2.603          0.000          0.000          0.013          0.000          0.000          0.000
   366    12    31  1992       7      70  aqu70                     0.000          3.878        306.121         41.236          2.062         39.971          7.781          0.000          0.000          0.000          4.920          0.000          0.000          0.053          0.000          0.000          0.000
   366    12    31  1992       8      80  aqu80                     0.000          4.518        274.078         21.837          1.092         39.971          4.163          0.000          0.000          0.000          3.128          0.000          0.000          0.018          0.000          0.000          0.000
   366    12    31  1992       9      90  aqu90                     0.000          4.490        275.506         24.341          1.217         39.971          4.427          0.000          0.000          0.000          3.522          0.000          0.000          0.021          0.000          0.000          0.000
   366    12    31  1992      10       7  aqu_deep7                 0.000         19.948       2401.551          1.321          0.000          0.000          0.000          0.000          0.000          0.000          0.000          0.000          0.000          0.000          0.000          0.000          0.000
   365    12    31  1993       1      10  aqu10                     0.000          4.495        275.265         34.271          1.714         40.300         11.403          0.000          0.000          0.000          4.721          0.000          0.000          0.072          0.000          0.000          0.000
   365    12    31  1993       2      20  aqu20                     0.000          4.730        263.500         27.527          1.376         40.300          9.024          0.000          0.000          0.000          3.641          0.000          0.000          0.048          0.000          0.000          0.000
   365    12    31  1993       3      30  aqu30                     0.000          4.793        260.340         25.446          1.272         40.300          8.363          0.000          0.000          0.000          3.300          0.000          0.000          0.042          0.000          0.000          0.000
   365    12    31  1993       4      40  aqu40                     0.000          4.615        269.231         30.687          1.534         40.300         10.081          0.000          0.000          0.000          4.066          0.000          0.000          0.058          0.000          0.000          0.000
   365    12    31  1993       5      50  aqu50                     0.000          4.111        294.475         40.722          2.036         40.300         13.497          0.000          0.000          0.000          5.482          0.000          0.000          0.094          0.000          0.000          0.000
   365    12    31  1993       6      60  aqu60                     0.000          4.951        252.469         18.267          0.913         29.139          6.148          0.000          0.000          0.000          2.358          0.000          0.000          0.023          0.000          0.000          0.000
   365    12    31  1993       7      70  aqu70                     0.000          3.883        305.826         41.995          2.100         40.300         12.422          0.000          0.000          0.000          4.420          0.000          0.000          0.085          0.000          0.000          0.000
   365    12    31  1993       8      80  aqu80                     0.000          4.896        255.199         21.896          1.095         37.305          7.106          0.000          0.000          0.000          2.640          0.000          0.000          0.031          0.000          0.000          0.000
   365    12    31  1993       9      90  aqu90                     0.000          4.810        259.477         25.151          1.258         40.300          7.750          0.000          0.000          0.000          2.890          0.000          0.000          0.038          0.000          0.000          0.000
   365    12    31  1993      10       7  aqu_deep7                 0.000         19.903       2402.914          1.376          0.000          0.000          0.000          0.000          0.000          0.000          0.000          0.000          0.000          0.000          0.000          0.000          0.000
   365    12    31  1994       1      10  aqu10                     0.000          4.647        267.656         34.209          1.710         39.537         15.710          0.000          0.000          0.000          4.237          0.000          0.000          0.101          0.000          0.000          0.000
   365    12    31  1994       2      20  aqu20                     0.000          4.963        251.830         27.832          1.392         34.508         12.421          0.000          0.000          0.000          3.380          0.000          0.000          0.069          0.000          0.000          0.000
   365    12    31  1994       3      30  aqu30                     0.000          4.990        250.513         25.493          1.275         28.208         11.448          0.000          0.000          0.000          3.052          0.000          0.000          0.059          0.000          0.000          0.000
   365    12    31  1994       4      40  aqu40                     0.000          4.834        258.324         30.720          1.536         39.537         13.830          0.000          0.000          0.000          3.712          0.000          0.000          0.083          0.000          0.000          0.000
   365    12    31  1994       5      50  aqu50                     0.000          4.138        293.089         40.658          2.033         39.537         18.462          0.000          0.000          0.000          4.810          0.000          0.000          0.128          0.000          0.000          0.000
   365    12    31  1994       6      60  aqu60                     0.000          5.000        249.992         18.455          0.923         17.554          8.425          0.000          0.000          0.000          2.225          0.000          0.000          0.032          0.000          0.000          0.000
   365    12    31  1994       7      70  aqu70                     0.000          3.886        305.678         41.960          2.098         39.537         16.516          0.000          0.000          0.000          4.012          0.000          0.000          0.114          0.000          0.000          0.000
   365    12    31  1994       8      80  aqu80                     0.000          5.000        250.010         22.516          1.126         21.431          9.651          0.000          0.000          0.000          2.574          0.000          0.000          0.044          0.000          0.000          0.000
   365    12    31  1994       9      90  aqu90                     0.000          4.993        250.349         25.483          1.274         27.291         10.496          0.000          0.000          0.000          2.812          0.000          0.000          0.054          0.000          0.000          0.000
   365    12    31  1994      10       7  aqu_deep7                 0.000         19.857       2404.292          1.385          0.000          0.000          0.000          0.000          0.000          0.000          0.000          0.000          0.000          0.000          0.000          0.000          0.000
   365    12    31  1995       1      10  aqu10                     0.000          4.787        260.659         34.114          1.706         39.784         19.672          0.000          0.000          0.000          3.869          0.000          0.000          0.129          0.000          0.000          0.000
   365    12    31  1995       2      20  aqu20                     0.000          4.999        250.030         27.833          1.392         26.394         15.618          0.000          0.000          0.000          3.146          0.000          0.000          0.088          0.000          0.000          0.000
   365    12    31  1995       3      30  aqu30                     0.000          4.999        250.025         25.254          1.263         24.021         14.336          0.000          0.000          0.000          2.842          0.000          0.000          0.073          0.000          0.000          0.000
   365    12    31  1995       4      40  aqu40                     0.000          4.981        250.958         30.487          1.524         33.753         17.313          0.000          0.000          0.000          3.405          0.000          0.000          0.106          0.000          0.000          0.000
   365    12    31  1995       5      50  aqu50                     0.000          4.155        292.225         40.682          2.034         39.784         22.922          0.000          0.000          0.000          4.377          0.000          0.000          0.160          0.000          0.000          0.000
   365    12    31  1995       6      60  aqu60                     0.000          5.000        249.995         18.259          0.913         17.267         10.554          0.000          0.000          0.000          2.146          0.000          0.000          0.039          0.000          0.000          0.000
   365    12    31  1995       7      70  aqu70                     0.000          3.879        306.032         41.932          2.097         39.784         20.225          0.000          0.000          0.000          3.640          0.000          0.000          0.139          0.000          0.000          0.000
   365    12    31  1995       8      80  aqu80                     0.000          5.000        250.011         22.079          1.104         20.935         12.093          0.000          0.000          0.000          2.406          0.000          0.000          0.054          0.000          0.000          0.000
   365    12    31  1995       9      90  aqu90                     0.000          4.999        250.025         25.140          1.257         23.812         13.158          0.000          0.000          0.000          2.577          0.000          0.000          0.067          0.000          0.000          0.000
   365    12    31  1995      10       7  aqu_deep7                 0.000         19.811       2405.667          1.376          0.000          0.000          0.000          0.000          0.000          0.000          0.000          0.000          0.000          0.000          0.000          0.000          0.000
   366    12    31  1996       1      10  aqu10                     0.000          4.941        252.967         33.921          1.696         40.212         23.288          0.000          0.000          0.000          3.554          0.000          0.000          0.157          0.000          0.000          0.000
   366    12    31  1996       2      20  aqu20                     0.000          4.999        250.027         27.149          1.357         25.823         18.568          0.000          0.000          0.000          2.813          0.000          0.000          0.101          0.000          0.000          0.000
   366    12    31  1996       3      30  aqu30                     0.000          5.000        250.011         24.698          1.235         23.463         17.015          0.000          0.000          0.000          2.556          0.000          0.000          0.084          0.000          0.000          0.000
   366    12    31  1996       4      40  aqu40                     0.000          4.998        250.077         30.198          1.510         28.648         20.508          0.000          0.000          0.000          3.111          0.000          0.000          0.124          0.000          0.000          0.000
   366    12    31  1996       5      50  aqu50                     0.000          4.183        290.844         40.682          2.034         40.212         26.981          0.000          0.000          0.000          4.041          0.000          0.000          0.189          0.000          0.000          0.000
   366    12    31  1996       6      60  aqu60                     0.000          5.000        249.988         17.212          0.861         16.461         12.571          0.000          0.000          0.000          1.805          0.000          0.000          0.044          0.000          0.000          0.000
   366    12    31  1996       7      70  aqu70                     0.000          3.884        305.793         41.888          2.094         40.212         23.575          0.000          0.000          0.000          3.339          0.000          0.000          0.162          0.000          0.000          0.000
   366    12    31  1996       8      80  aqu80                     0.000          5.000        250.002         21.583          1.079         20.561         14.381          0.000          0.000          0.000          2.164          0.000          0.000          0.062          0.000          0.000          0.000
   366    12    31  1996       9      90  aqu90                     0.000          4.999        250.025         24.544          1.227         23.354         15.598          0.000          0.000          0.000          2.361          0.000          0.000          0.077          0.000          0.000          0.000
   366    12    31  1996      10       7  aqu_deep7                 0.000         19.765       2407.050          1.350          0.000          0.000          0.000          0.000          0.000          0.000          0.000          0.000          0.000          0.000          0.000          0.000          0.000
   365    12    31  1997       1      10  aqu10                     0.000          4.996        250.188         33.460          1.673         32.035         26.506          0.000          0.000          0.000          3.327          0.000          0.000          0.178          0.000          0.000          0.000
   365    12    31  1997       2      20  aqu20                     0.000          5.000        250.024         27.061          1.353         25.688         21.185          0.000          0.000          0.000          2.770          0.000          0.000          0.115          0.000          0.000          0.000
   365    12    31  1997       3      30  aqu30                     0.000          5.000        250.013         24.664          1.233         23.423         19.417          0.000          0.000          0.000          2.536          0.000          0.000          0.096          0.000          0.000          0.000
   365    12    31  1997       4      40  aqu40                     0.000          4.999        250.052         29.874          1.494         28.375         23.365          0.000          0.000          0.000          2.970          0.000          0.000          0.140          0.000          0.000          0.000
   365    12    31  1997       5      50  aqu50                     0.000          4.211        289.431         40.230          2.012         39.427         30.606          0.000          0.000          0.000          3.708          0.000          0.000          0.213          0.000          0.000          0.000
   365    12    31  1997       6      60  aqu60                     0.000          5.000        249.991         17.693          0.885         16.710         14.359          0.000          0.000          0.000          2.024          0.000          0.000          0.052          0.000          0.000          0.000
   365    12    31  1997       7      70  aqu70                     0.000          3.887        305.628         41.588          2.079         39.427         26.588          0.000          0.000          0.000          3.069          0.000          0.000          0.181          0.000          0.000          0.000
   365    12    31  1997       8      80  aqu80                     0.000          5.000        250.005         21.546          1.077         20.392         16.452          0.000          0.000          0.000          2.210          0.000          0.000          0.072          0.000          0.000          0.000
   365    12    31  1997       9      90  aqu90                     0.000          5.000        250.019         24.487          1.224         23.288         17.825          0.000          0.000          0.000          2.304          0.000          0.000          0.088          0.000          0.000          0.000
   365    12    31  1997      10       7  aqu_deep7                 0.000         19.721       2408.371          1.344          0.000          0.000          0.000          0.000          0.000          0.000          0.000          0.000          0.000          0.000          0.000          0.000          0.000
   365    12    31  1998       1      10  aqu10                     0.000          4.997        250.142         33.143          1.657         31.498         29.553          0.000          0.000          0.000          3.080          0.000          0.000          0.196          0.000          0.000          0.000
   365    12    31  1998       2      20  aqu20                     0.000          5.000        250.021         26.589          1.329         25.293         23.734          0.000          0.000          0.000          2.484          0.000          0.000          0.127          0.000          0.000          0.000
   365    12    31  1998       3      30  aqu30                     0.000          5.000        250.013         23.983          1.199         22.764         21.747          0.000          0.000          0.000          2.253          0.000          0.000          0.105          0.000          0.000          0.000
   365    12    31  1998       4      40  aqu40                     0.000          4.999        250.043         29.357          1.468         27.928         26.089          0.000          0.000          0.000          2.707          0.000          0.000          0.154          0.000          0.000          0.000
   365    12    31  1998       5      50  aqu50                     0.000          4.240        287.985         40.152          2.008         39.673         33.979          0.000          0.000          0.000          3.446          0.000          0.000          0.237          0.000          0.000          0.000
   365    12    31  1998       6      60  aqu60                     0.000          5.000        249.987         16.589          0.829         15.829         16.196          0.000          0.000          0.000          1.623          0.000          0.000          0.054          0.000          0.000          0.000
   365    12    31  1998       7      70  aqu70                     0.000          3.891        305.454         41.506          2.075         39.673         29.343          0.000          0.000          0.000          2.813          0.000          0.000          0.200          0.000          0.000          0.000
   365    12    31  1998       8      80  aqu80                     0.000          5.000        250.000         20.587          1.029         19.551         18.473          0.000          0.000          0.000          1.895          0.000          0.000          0.076          0.000          0.000          0.000
   365    12    31  1998       9      90  aqu90                     0.000          5.000        250.014         23.764          1.188         22.578         19.940          0.000          0.000          0.000          2.086          0.000          0.000          0.095          0.000          0.000          0.000
   365    12    31  1998      10       7  aqu_deep7                 0.000         19.676       2409.722          1.314          0.000          0.000          0.000          0.000          0.000          0.000          0.000          0.000          0.000          0.000          0.000          0.000          0.000
   365    12    31  1999       1      10  aqu10                     0.000          4.991        250.427         34.716          1.736         31.886         32.456          0.000          0.000          0.000          3.193          0.000          0.000          0.226          0.000          0.000          0.000
   365    12    31  1999       2      20  aqu20                     0.000          4.998        250.124         28.786          1.439         27.311         26.154          0.000          0.000          0.000          2.711          0.000          0.000          0.151          0.000          0.000          0.000
   365    12    31  1999       3      30  aqu30                     0.000          4.998        250.077         26.672          1.334         25.370         23.979          0.000          0.000          0.000          2.550          0.000          0.000          0.129          0.000          0.000          0.000
   365    12    31  1999       4      40  aqu40                     0.000          4.995        250.247         31.359          1.568         29.490         28.694          0.000          0.000          0.000          2.909          0.000          0.000          0.181          0.000          0.000          0.000
   365    12    31  1999       5      50  aqu50                     0.000          4.264        286.780         40.994          2.050         39.540         37.129          0.000          0.000          0.000          3.368          0.000          0.000          0.266          0.000          0.000          0.000
   365    12    31  1999       6      60  aqu60                     0.000          5.000        250.008         20.116          1.006         19.056         17.907          0.000          0.000          0.000          2.084          0.000          0.000          0.073          0.000          0.000          0.000
   365    12    31  1999       7      70  aqu70                     0.000          3.890        305.494         42.202          2.110         39.540         31.872          0.000          0.000          0.000          2.662          0.000          0.000          0.220          0.000          0.000          0.000
   365    12    31  1999       8      80  aqu80                     0.000          4.999        250.034         23.637          1.182         22.443         20.412          0.000          0.000          0.000          2.301          0.000          0.000          0.097          0.000          0.000          0.000
   365    12    31  1999       9      90  aqu90                     0.000          4.998        250.098         26.421          1.321         25.073         22.017          0.000          0.000          0.000          2.378          0.000          0.000          0.117          0.000          0.000          0.000
   365    12    31  1999      10       7  aqu_deep7                 0.000         19.632       2411.054          1.432          0.000          0.000          0.000          0.000          0.000          0.000          0.000          0.000          0.000          0.000          0.000          0.000          0.000
   366    12    31  2000       1      10  aqu10                     0.000          4.992        250.421         35.806          1.790         34.288         35.360          0.000          0.000          0.000          2.905          0.000          0.000          0.253          0.000          0.000          0.000
   366    12    31  2000       2      20  aqu20                     0.000          4.999        250.034         29.507          1.475         28.002         28.601          0.000          0.000          0.000          2.326          0.000          0.000          0.169          0.000          0.000          0.000
   366    12    31  2000       3      30  aqu30                     0.000          5.000        250.024         27.360          1.368         25.955         26.275          0.000          0.000          0.000          2.118          0.000          0.000          0.144          0.000          0.000          0.000
   366    12    31  2000       4      40  aqu40                     0.000          4.998        250.118         32.368          1.618         31.083         31.334          0.000          0.000          0.000          2.558          0.000          0.000          0.203          0.000          0.000          0.000
   366    12    31  2000       5      50  aqu50                     0.000          4.271        286.444         41.768          2.088         39.934         40.160          0.000          0.000          0.000          3.144          0.000          0.000          0.293          0.000          0.000          0.000
   366    12    31  2000       6      60  aqu60                     0.000          5.000        249.999         20.805          1.040         19.754         19.753          0.000          0.000          0.000          1.583          0.000          0.000          0.083          0.000          0.000          0.000
   366    12    31  2000       7      70  aqu70                     0.000          3.877        306.159         42.753          2.138         39.934         34.223          0.000          0.000          0.000          2.456          0.000          0.000          0.239          0.000          0.000          0.000
   366    12    31  2000       8      80  aqu80                     0.000          5.000        250.023         25.229          1.261         24.002         22.485          0.000          0.000          0.000          1.881          0.000          0.000          0.114          0.000          0.000          0.000
   366    12    31  2000       9      90  aqu90                     0.000          4.999        250.053         27.004          1.350         25.656         24.150          0.000          0.000          0.000          1.925          0.000          0.000          0.131          0.000          0.000          0.000
   366    12    31  2000      10       7  aqu_deep7                 0.000         19.582       2412.546          1.477          0.000          0.000          0.000          0.000          0.000          0.000          0.000          0.000          0.000          0.000          0.000          0.000          0.000
   365    12    31  2001       1      10  aqu10                     0.000          4.995        250.264         34.800          1.740         33.928         37.835          0.000          0.000          0.000          2.528          0.000          0.000          0.263          0.000          0.000          0.000
   365    12    31  2001       2      20  aqu20                     0.000          4.999        250.028         28.210          1.410         26.818         30.622          0.000          0.000          0.000          2.022          0.000          0.000          0.173          0.000          0.000          0.000
   365    12    31  2001       3      30  aqu30                     0.000          5.000        250.018         25.822          1.291         24.529         28.113          0.000          0.000          0.000          1.795          0.000          0.000          0.146          0.000          0.000          0.000
   365    12    31  2001       4      40  aqu40                     0.000          4.999        250.060         31.154          1.558         29.553         33.529          0.000          0.000          0.000          2.201          0.000          0.000          0.209          0.000          0.000          0.000
   365    12    31  2001       5      50  aqu50                     0.000          4.280        285.988         41.155          2.058         40.151         42.832          0.000          0.000          0.000          2.799          0.000          0.000          0.308          0.000          0.000          0.000
   365    12    31  2001       6      60  aqu60                     0.000          5.000        249.991         18.761          0.938         17.856         21.157          0.000          0.000          0.000          1.359          0.000          0.000          0.080          0.000          0.000          0.000
   365    12    31  2001       7      70  aqu70                     0.000          3.867        306.669         42.252          2.113         40.151         36.321          0.000          0.000          0.000          2.216          0.000          0.000          0.250          0.000          0.000          0.000
   365    12    31  2001       8      80  aqu80                     0.000          5.000        250.008         23.677          1.184         22.479         24.130          0.000          0.000          0.000          1.558          0.000          0.000          0.115          0.000          0.000          0.000
   365    12    31  2001       9      90  aqu90                     0.000          5.000        250.014         25.508          1.275         24.266         25.806          0.000          0.000          0.000          1.561          0.000          0.000          0.132          0.000          0.000          0.000
   365    12    31  2001      10       7  aqu_deep7                 0.000         19.534       2413.988          1.408          0.000          0.000          0.001          0.000          0.000          0.000          0.000          0.000          0.000          0.000          0.000          0.000          0.000
   365    12    31  2002       1      10  aqu10                     0.000          4.999        250.031         31.892          1.595         30.291         39.850          0.000          0.000          0.000          1.885          0.000          0.000          0.254          0.000          0.000          0.000
   365    12    31  2002       2      20  aqu20                     0.000          5.000        250.008         24.325          1.216         23.141         32.275          0.000          0.000          0.000          1.481          0.000          0.000          0.157          0.000          0.000          0.000
   365    12    31  2002       3      30  aqu30                     0.000          5.000        250.001         21.540          1.077         20.523         29.595          0.000          0.000          0.000          1.377          0.000          0.000          0.128          0.000          0.000          0.000
   365    12    31  2002       4      40  aqu40                     0.000          5.000        250.016         27.678          1.384         26.281         35.304          0.000          0.000          0.000          1.638          0.000          0.000          0.195          0.000          0.000          0.000
   365    12    31  2002       5      50  aqu50                     0.000          4.309        284.553         39.780          1.989         39.634         45.122          0.000          0.000          0.000          2.408          0.000          0.000          0.315          0.000          0.000          0.000
   365    12    31  2002       6      60  aqu60                     0.000          5.000        249.979         12.538          0.627         11.953         22.276          0.000          0.000          0.000          0.847          0.000          0.000          0.056          0.000          0.000          0.000
   365    12    31  2002       7      70  aqu70                     0.000          3.871        306.467         41.291          2.065         39.634         38.165          0.000          0.000          0.000          1.977          0.000          0.000          0.257          0.000          0.000          0.000
   365    12    31  2002       8      80  aqu80                     0.000          5.000        249.994         18.475          0.924         17.625         25.429          0.000          0.000          0.000          1.172          0.000          0.000          0.094          0.000          0.000          0.000
   365    12    31  2002       9      90  aqu90                     0.000          5.000        250.000         21.480          1.074         20.386         27.110          0.000          0.000          0.000          1.294          0.000          0.000          0.117          0.000          0.000          0.000
   365    12    31  2002      10       7  aqu_deep7                 0.000         19.489       2415.330          1.208          0.000          0.000          0.001          0.000          0.000          0.000          0.000          0.000          0.000          0.000          0.000          0.000          0.000
   365    12    31  2003       1      10  aqu10                     0.000          5.000        250.020         28.460          1.423         27.073         41.275          0.000          0.000          0.000          1.578          0.000          0.000          0.235          0.000          0.000          0.000
   365    12    31  2003       2      20  aqu20                     0.000          5.000        249.996         19.788          0.989         18.844         33.473          0.000          0.000          0.000          1.287          0.000          0.000          0.133          0.000          0.000          0.000
   365    12    31  2003       3      30  aqu30                     0.000          5.000        249.990         16.826          0.841         15.975         30.776          0.000          0.000          0.000          1.225          0.000          0.000          0.104          0.000          0.000          0.000
   365    12    31  2003       4      40  aqu40                     0.000          5.000        250.005         23.755          1.188         22.586         36.603          0.000          0.000          0.000          1.436          0.000          0.000          0.174          0.000          0.000          0.000
   365    12    31  2003       5      50  aqu50                     0.000          4.371        281.456         37.742          1.887         39.947         46.987          0.000          0.000          0.000          1.888          0.000          0.000          0.315          0.000          0.000          0.000
   365    12    31  2003       6      60  aqu60                     0.000          5.001        249.965          8.561          0.428          8.147         23.089          0.000          0.000          0.000          1.064          0.000          0.000          0.040          0.000          0.000          0.000
   365    12    31  2003       7      70  aqu70                     0.000          3.896        305.182         40.024          2.001         39.947         39.757          0.000          0.000          0.000          1.777          0.000          0.000          0.261          0.000          0.000          0.000
   365    12    31  2003       8      80  aqu80                     0.000          5.001        249.975         12.311          0.616         11.672         26.466          0.000          0.000          0.000          1.041          0.000          0.000          0.065          0.000          0.000          0.000
   365    12    31  2003       9      90  aqu90                     0.000          5.000        249.982         14.789          0.739         14.070         28.224          0.000          0.000          0.000          0.993          0.000          0.000          0.083          0.000          0.000          0.000
   365    12    31  2003      10       7  aqu_deep7                 0.000         19.453       2416.423          0.982          0.000          0.000          0.001          0.000          0.000          0.000          0.000          0.000          0.000          0.000          0.000          0.000          0.000
   366    12    31  2004       1      10  aqu10                     0.000          5.000        250.020         28.434          1.422         26.936         42.760          0.000          0.000          0.000          2.195          0.000          0.000          0.244          0.000          0.000          0.000
   366    12    31  2004       2      20  aqu20                     0.000          5.000        250.001         21.305          1.065         20.154         34.835          0.000          0.000          0.000          2.051          0.000          0.000          0.149          0.000          0.000          0.000
   366    12    31  2004       3      30  aqu30                     0.000          5.000        249.991         18.514          0.926         17.538         32.081          0.000          0.000          0.000          1.928          0.000          0.000          0.119          0.000          0.000          0.000
   366    12    31  2004       4      40  aqu40                     0.000          5.000        250.009         24.115          1.206         22.983         38.037          0.000          0.000          0.000          2.064          0.000          0.000          0.184          0.000          0.000          0.000
   366    12    31  2004       5      50  aqu50                     0.000          4.458        277.113         37.778          1.889         39.881         48.507          0.000          0.000          0.000          2.250          0.000          0.000          0.331          0.000          0.000          0.000
   366    12    31  2004       6      60  aqu60                     0.000          5.000        249.978         12.988          0.649         12.258         24.431          0.000          0.000          0.000          1.919          0.000          0.000          0.064          0.000          0.000          0.000
   366    12    31  2004       7      70  aqu70                     0.000          3.936        303.194         40.030          2.001         39.881         41.223          0.000          0.000          0.000          1.712          0.000          0.000          0.272          0.000          0.000          0.000
   366    12    31  2004       8      80  aqu80                     0.000          5.000        249.982         14.615          0.731         13.895         27.669          0.000          0.000          0.000          1.814          0.000          0.000          0.082          0.000          0.000          0.000
   366    12    31  2004       9      90  aqu90                     0.000          5.000        249.983         15.275          0.764         14.519         29.298          0.000          0.000          0.000          1.696          0.000          0.000          0.090          0.000          0.000          0.000
   366    12    31  2004      10       7  aqu_deep7                 0.000         19.421       2417.378          1.050          0.000          0.000          0.001          0.000          0.000          0.000          0.000          0.000          0.000          0.000          0.000          0.000          0.000
   365    12    31  2005       1      10  aqu10                     0.000          4.998        250.082         31.587          1.579         30.042         44.940          0.000          0.000          0.000          2.528          0.000          0.000          0.284          0.000          0.000          0.000
   365    12    31  2005       2      20  aqu20                     0.000          5.000        250.019         25.333          1.267         24.140         36.887          0.000          0.000          0.000          2.187          0.000          0.000          0.187          0.000          0.000          0.000
   365    12    31  2005       3      30  aqu30                     0.000          5.000        250.007         22.983          1.149         21.855         34.017          0.000          0.000          0.000          2.028          0.000          0.000          0.157          0.000          0.000          0.000
   365    12    31  2005       4      40  aqu40                     0.000          4.999        250.034         27.546          1.377         26.153         40.089          0.000          0.000          0.000          2.291          0.000          0.000          0.221          0.000          0.000          0.000
   365    12    31  2005       5      50  aqu50                     0.000          4.524        273.796         39.401          1.970         40.164         50.660          0.000          0.000          0.000          2.414          0.000          0.000          0.365          0.000          0.000          0.000
   365    12    31  2005       6      60  aqu60                     0.000          5.000        249.989         17.622          0.881         16.727         26.318          0.000          0.000          0.000          1.856          0.000          0.000          0.093          0.000          0.000          0.000
   365    12    31  2005       7      70  aqu70                     0.000          3.967        301.641         41.056          2.053         40.164         42.634          0.000          0.000          0.000          1.633          0.000          0.000          0.290          0.000          0.000          0.000
   365    12    31  2005       8      80  aqu80                     0.000          5.000        249.993         19.037          0.952         18.046         29.457          0.000          0.000          0.000          1.731          0.000          0.000          0.113          0.000          0.000          0.000
   365    12    31  2005       9      90  aqu90                     0.000          5.000        249.998         20.256          1.013         19.252         30.993          0.000          0.000          0.000          1.666          0.000          0.000          0.126          0.000          0.000          0.000
   365    12    31  2005      10       7  aqu_deep7                 0.000         19.382       2418.532          1.248          0.000          0.000          0.001          0.000          0.000          0.000          0.000          0.000          0.000          0.000          0.000          0.000          0.000
   365    12    31  2006       1      10  aqu10                     0.000          4.996        250.178         33.371          1.669         31.718         47.048          0.000          0.000          0.000          2.071          0.000          0.000          0.314          0.000          0.000          0.000
   365    12    31  2006       2      20  aqu20                     0.000          5.000        250.020         25.783          1.289         24.447         38.710          0.000          0.000          0.000          1.690          0.000          0.000          0.200          0.000          0.000          0.000
   365    12    31  2006       3      30  aqu30                     0.000          5.000        250.007         23.306          1.165         22.184         35.686          0.000          0.000          0.000          1.501          0.000          0.000          0.167          0.000          0.000          0.000
   365    12    31  2006       4      40  aqu40                     0.000          4.999        250.064         29.116          1.456         27.589         42.003          0.000          0.000          0.000          1.831          0.000          0.000          0.245          0.000          0.000          0.000
   365    12    31  2006       5      50  aqu50                     0.000          4.557        272.141         40.271          2.014         39.405         52.572          0.000          0.000          0.000          2.094          0.000          0.000          0.389          0.000          0.000          0.000
   365    12    31  2006       6      60  aqu60                     0.000          5.000        249.987         15.840          0.792         15.143         27.819          0.000          0.000          0.000          1.146          0.000          0.000          0.088          0.000          0.000          0.000
   365    12    31  2006       7      70  aqu70                     0.000          3.973        301.327         41.645          2.082         39.405         43.930          0.000          0.000          0.000          1.514          0.000          0.000          0.304          0.000          0.000          0.000
   365    12    31  2006       8      80  aqu80                     0.000          5.000        249.996         19.033          0.952         18.106         30.883          0.000          0.000          0.000          1.308          0.000          0.000          0.118          0.000          0.000          0.000
   365    12    31  2006       9      90  aqu90                     0.000          5.000        249.996         19.697          0.985         18.663         32.334          0.000          0.000          0.000          1.240          0.000          0.000          0.128          0.000          0.000          0.000
   365    12    31  2006      10       7  aqu_deep7                 0.000         19.339       2419.822          1.274          0.000          0.000          0.001          0.000          0.000          0.000          0.000          0.000          0.000          0.000          0.000          0.000          0.000
   365    12    31  2007       1      10  aqu10                     0.000          4.998        250.113         32.280          1.614         30.677         48.604          0.000          0.000          0.000          1.744          0.000          0.000          0.314          0.000          0.000          0.000
   365    12    31  2007       2      20  aqu20                     0.000          5.000        250.015         25.051          1.253         23.809         40.072          0.000          0.000          0.000          1.498          0.000          0.000          0.201          0.000          0.000          0.000
   365    12    31  2007       3      30  aqu30                     0.000          5.000        250.004         22.061          1.103         20.924         36.909          0.000          0.000          0.000          1.318          0.000          0.000          0.163          0.000          0.000          0.000
   365    12    31  2007       4      40  aqu40                     0.000          4.999        250.031         27.976          1.399         26.607         43.419          0.000          0.000          0.000          1.544          0.000          0.000          0.243          0.000          0.000          0.000
   365    12    31  2007       5      50  aqu50                     0.000          4.586        270.688         39.768          1.988         39.414         54.116          0.000          0.000          0.000          1.821          0.000          0.000          0.398          0.000          0.000          0.000
   365    12    31  2007       6      60  aqu60                     0.000          5.000        249.984         15.304          0.765         14.441         28.853          0.000          0.000          0.000          1.227          0.000          0.000          0.089          0.000          0.000          0.000
   365    12    31  2007       7      70  aqu70                     0.000          3.974        301.304         41.324          2.066         39.414         45.063          0.000          0.000          0.000          1.362          0.000          0.000          0.309          0.000          0.000          0.000
   365    12    31  2007       8      80  aqu80                     0.000          5.000        249.991         17.816          0.891         16.888         31.979          0.000          0.000          0.000          1.101          0.000          0.000          0.114          0.000          0.000          0.000
   365    12    31  2007       9      90  aqu90                     0.000          5.000        249.996         19.473          0.974         18.475         33.384          0.000          0.000          0.000          1.107          0.000          0.000          0.130          0.000          0.000          0.000
   365    12    31  2007      10       7  aqu_deep7                 0.000         19.298       2421.070          1.226          0.000          0.000          0.001          0.000          0.000          0.000          0.000          0.000          0.000          0.000          0.000          0.000          0.000
   366    12    31  2008       1      10  aqu10                     0.000          4.994        250.276         32.792          1.640         30.532         50.001          0.000          0.000          0.000          1.775          0.000          0.000          0.328          0.000          0.000          0.000
   366    12    31  2008       2      20  aqu20                     0.000          4.999        250.043         26.070          1.304         24.728         41.358          0.000          0.000          0.000          1.560          0.000          0.000          0.216          0.000          0.000          0.000
   366    12    31  2008       3      30  aqu30                     0.000          5.000        250.013         23.298          1.165         22.098         38.074          0.000          0.000          0.000          1.448          0.000          0.000          0.178          0.000          0.000          0.000
   366    12    31  2008       4      40  aqu40                     0.000          4.998        250.103         28.808          1.440         27.319         44.712          0.000          0.000          0.000          1.638          0.000          0.000          0.258          0.000          0.000          0.000
   366    12    31  2008       5      50  aqu50                     0.000          4.624        268.819         39.960          1.998         39.700         55.474          0.000          0.000          0.000          1.753          0.000          0.000          0.412          0.000          0.000          0.000
   366    12    31  2008       6      60  aqu60                     0.000          5.000        249.991         17.148          0.857         16.358         29.981          0.000          0.000          0.000          1.213          0.000          0.000          0.103          0.000          0.000          0.000
   366    12    31  2008       7      70  aqu70                     0.000          3.982        300.924         41.487          2.074         39.700         46.063          0.000          0.000          0.000          1.300          0.000          0.000          0.318          0.000          0.000          0.000
   366    12    31  2008       8      80  aqu80                     0.000          5.000        250.000         19.491          0.975         18.510         33.009          0.000          0.000          0.000          1.341          0.000          0.000          0.129          0.000          0.000          0.000
   366    12    31  2008       9      90  aqu90                     0.000          5.000        250.003         20.385          1.019         19.373         34.372          0.000          0.000          0.000          1.254          0.000          0.000          0.141          0.000          0.000          0.000
   366    12    31  2008      10       7  aqu_deep7                 0.000         19.257       2422.292          1.280          0.000          0.000          0.001          0.000          0.000          0.000          0.000          0.000          0.000          0.000          0.000          0.000          0.000
   365    12    31  2009       1      10  aqu10                     0.000          4.998        250.090         33.199          1.660         32.135         51.434          0.000          0.000          0.000          1.551          0.000          0.000          0.341          0.000          0.000          0.000
   365    12    31  2009       2      20  aqu20                     0.000          5.000        250.014         26.048          1.302         24.751         42.653          0.000          0.000          0.000          1.278          0.000          0.000          0.222          0.000          0.000          0.000
   365    12    31  2009       3      30  aqu30                     0.000          5.000        250.007         23.451          1.173         22.273         39.291          0.000          0.000          0.000          1.159          0.000          0.000          0.184          0.000          0.000          0.000
   365    12    31  2009       4      40  aqu40                     0.000          4.999        250.025         29.280          1.464         27.830         46.059          0.000          0.000          0.000          1.377          0.000          0.000          0.270          0.000          0.000          0.000
   365    12    31  2009       5      50  aqu50                     0.000          4.650        267.494         40.359          2.018         39.915         56.816          0.000          0.000          0.000          1.648          0.000          0.000          0.429          0.000          0.000          0.000
   365    12    31  2009       6      60  aqu60                     0.000          5.000        249.986         15.918          0.796         15.076         31.011          0.000          0.000          0.000          0.927          0.000          0.000          0.099          0.000          0.000          0.000
   365    12    31  2009       7      70  aqu70                     0.000          3.983        300.842         41.619          2.081         39.915         47.022          0.000          0.000          0.000          1.201          0.000          0.000          0.325          0.000          0.000          0.000
   365    12    31  2009       8      80  aqu80                     0.000          5.000        249.998         20.192          1.010         19.218         34.144          0.000          0.000          0.000          0.998          0.000          0.000          0.138          0.000          0.000          0.000
   365    12    31  2009       9      90  aqu90                     0.000          5.000        250.004         22.484          1.124         21.336         35.441          0.000          0.000          0.000          1.045          0.000          0.000          0.160          0.000          0.000          0.000
   365    12    31  2009      10       7  aqu_deep7                 0.000         19.212       2423.627          1.294          0.000          0.000          0.001          0.000          0.000          0.000          0.000          0.000          0.000          0.000          0.000          0.000          0.000
   365    12    31  2010       1      10  aqu10                     0.000          4.996        250.191         32.807          1.640         30.881         52.547          0.000          0.000          0.000          1.533          0.000          0.000          0.345          0.000          0.000          0.000
   365    12    31  2010       2      20  aqu20                     0.000          5.000        250.015         25.835          1.292         24.558         43.656          0.000          0.000          0.000          1.324          0.000          0.000          0.226          0.000          0.000          0.000
   365    12    31  2010       3      30  aqu30                     0.000          5.000        250.005         23.722          1.186         22.531         40.238          0.000          0.000          0.000          1.244          0.000          0.000          0.191          0.000          0.000          0.000
   365    12    31  2010       4      40  aqu40                     0.000          4.999        250.057         29.201          1.460         27.814         47.103          0.000          0.000          0.000          1.411          0.000          0.000          0.275          0.000          0.000          0.000
   365    12    31  2010       5      50  aqu50                     0.000          4.694        265.310         39.932          1.997         40.042         57.923          0.000          0.000          0.000          1.537          0.000          0.000          0.436          0.000          0.000          0.000
   365    12    31  2010       6      60  aqu60                     0.000          5.000        249.986         16.293          0.815         15.453         31.847          0.000          0.000          0.000          1.043          0.000          0.000          0.104          0.000          0.000          0.000
   365    12    31  2010       7      70  aqu70                     0.000          3.999        300.049         41.438          2.072         40.042         47.843          0.000          0.000          0.000          1.135          0.000          0.000          0.330          0.000          0.000          0.000
   365    12    31  2010       8      80  aqu80                     0.000          5.000        249.998         20.191          1.010         19.194         35.000          0.000          0.000          0.000          1.109          0.000          0.000          0.142          0.000          0.000          0.000
   365    12    31  2010       9      90  aqu90                     0.000          5.000        250.010         23.603          1.180         22.428         36.336          0.000          0.000          0.000          1.187          0.000          0.000          0.172          0.000          0.000          0.000
   365    12    31  2010      10       7  aqu_deep7                 0.000         19.171       2424.877          1.295          0.000          0.000          0.002          0.000          0.000          0.000          0.000          0.000          0.000          0.000          0.000          0.000          0.000
   365    12    31  2011       1      10  aqu10                     0.000          4.999        250.072         32.817          1.641         31.504         53.716          0.000          0.000          0.000          1.317          0.000          0.000          0.353          0.000          0.000          0.000
   365    12    31  2011       2      20  aqu20                     0.000          5.000        250.014         25.202          1.260         23.942         44.719          0.000          0.000          0.000          1.097          0.000          0.000          0.225          0.000          0.000          0.000
   365    12    31  2011       3      30  aqu30                     0.000          5.000        250.005         22.522          1.126         21.413         41.237          0.000          0.000          0.000          0.985          0.000          0.000          0.186          0.000          0.000          0.000
   365    12    31  2011       4      40  aqu40                     0.000          5.000        250.020         28.917          1.446         27.456         48.202          0.000          0.000          0.000          1.176          0.000          0.000          0.279          0.000          0.000          0.000
   365    12    31  2011       5      50  aqu50                     0.000          4.719        264.050         40.056          2.003         39.245         59.014          0.000          0.000          0.000          1.426          0.000          0.000          0.448          0.000          0.000          0.000
   365    12    31  2011       6      60  aqu60                     0.000          5.000        249.979         13.732          0.687         13.148         32.724          0.000          0.000          0.000          0.788          0.000          0.000          0.090          0.000          0.000          0.000
   365    12    31  2011       7      70  aqu70                     0.000          3.998        300.083         41.423          2.071         39.245         48.613          0.000          0.000          0.000          1.026          0.000          0.000          0.336          0.000          0.000          0.000
   365    12    31  2011       8      80  aqu80                     0.000          5.000        249.998         18.858          0.943         17.874         35.896          0.000          0.000          0.000          0.828          0.000          0.000          0.135          0.000          0.000          0.000
   365    12    31  2011       9      90  aqu90                     0.000          5.000        250.004         22.871          1.144         21.752         37.290          0.000          0.000          0.000          0.936          0.000          0.000          0.171          0.000          0.000          0.000
   365    12    31  2011      10       7  aqu_deep7                 0.000         19.127       2426.198          1.255          0.000          0.000          0.002          0.000          0.000          0.000          0.000          0.000          0.000          0.000          0.000          0.000          0.000
   366    12    31  2012       1      10  aqu10                     0.000          4.996        250.195         32.566          1.628         30.682         54.617          0.000          0.000          0.000          1.392          0.000          0.000          0.356          0.000          0.000          0.000
   366    12    31  2012       2      20  aqu20                     0.000          5.000        250.016         25.134          1.257         23.863         45.565          0.000          0.000          0.000          1.203          0.000          0.000          0.229          0.000          0.000          0.000
   366    12    31  2012       3      30  aqu30                     0.000          5.000        250.011         22.795          1.140         21.705         42.039          0.000          0.000          0.000          1.135          0.000          0.000          0.192          0.000          0.000          0.000
   366    12    31  2012       4      40  aqu40                     0.000          4.999        250.056         28.722          1.436         27.228         49.066          0.000          0.000          0.000          1.274          0.000          0.000          0.282          0.000          0.000          0.000
   366    12    31  2012       5      50  aqu50                     0.000          4.755        262.272         39.747          1.987         39.543         59.901          0.000          0.000          0.000          1.355          0.000          0.000          0.454          0.000          0.000          0.000
   366    12    31  2012       6      60  aqu60                     0.000          5.000        249.985         15.162          0.758         14.299         33.500          0.000          0.000          0.000          1.113          0.000          0.000          0.102          0.000          0.000          0.000
   366    12    31  2012       7      70  aqu70                     0.000          4.003        299.834         41.380          2.069         39.543         49.263          0.000          0.000          0.000          0.990          0.000          0.000          0.340          0.000          0.000          0.000
   366    12    31  2012       8      80  aqu80                     0.000          5.000        249.995         18.835          0.942         17.958         36.607          0.000          0.000          0.000          0.980          0.000          0.000          0.138          0.000          0.000          0.000
   366    12    31  2012       9      90  aqu90                     0.000          5.000        250.006         22.000          1.100         20.881         38.052          0.000          0.000          0.000          0.990          0.000          0.000          0.168          0.000          0.000          0.000
   366    12    31  2012      10       7  aqu_deep7                 0.000         19.086       2427.406          1.255          0.000          0.000          0.002          0.000          0.000          0.000          0.000          0.000          0.000          0.000          0.000          0.000          0.000
   365    12    31  2013       1      10  aqu10                     0.000          4.993        250.359         34.667          1.733         32.240         55.707          0.000          0.000          0.000          1.424          0.000          0.000          0.386          0.000          0.000          0.000
   365    12    31  2013       2      20  aqu20                     0.000          4.999        250.035         27.753          1.388         26.393         46.575          0.000          0.000          0.000          1.235          0.000          0.000          0.259          0.000          0.000          0.000
   365    12    31  2013       3      30  aqu30                     0.000          5.000        250.023         25.473          1.274         24.187         42.995          0.000          0.000          0.000          1.126          0.000          0.000          0.219          0.000          0.000          0.000
   365    12    31  2013       4      40  aqu40                     0.000          4.998        250.114         31.022          1.551         29.458         50.088          0.000          0.000          0.000          1.290          0.000          0.000          0.311          0.000          0.000          0.000
   365    12    31  2013       5      50  aqu50                     0.000          4.784        260.778         40.950          2.047         39.971         60.826          0.000          0.000          0.000          1.352          0.000          0.000          0.478          0.000          0.000          0.000
   365    12    31  2013       6      60  aqu60                     0.000          5.000        249.993         18.553          0.928         17.650         34.499          0.000          0.000          0.000          1.020          0.000          0.000          0.128          0.000          0.000          0.000
   365    12    31  2013       7      70  aqu70                     0.000          4.008        299.624         42.148          2.107         39.971         49.896          0.000          0.000          0.000          0.939          0.000          0.000          0.351          0.000          0.000          0.000
   365    12    31  2013       8      80  aqu80                     0.000          5.000        250.004         21.900          1.095         20.742         37.457          0.000          0.000          0.000          0.992          0.000          0.000          0.164          0.000          0.000          0.000
   365    12    31  2013       9      90  aqu90                     0.000          4.999        250.031         24.081          1.204         22.907         38.869          0.000          0.000          0.000          1.000          0.000          0.000          0.188          0.000          0.000          0.000
   365    12    31  2013      10       7  aqu_deep7                 0.000         19.042       2428.728          1.382          0.000          0.000          0.002          0.000          0.000          0.000          0.000          0.000          0.000          0.000          0.000          0.000          0.000
