 Trial_Robit               SWAT+ Oct 10 2019    MODULAR Rev 2019.60.1                                     
   jday   mon   day    yr   unit  gis_id  name                    flo_in          aqu_in          flo_out          peakr         sed_in        sed_out         washld          bedld            dep        deg_btm       deg_bank         hc_sed          width          depth          slope        deg_btm       deg_bank         hc_len
                                                                    m^3/s           m^3/s           m^3/s          m^3/s           tons           tons           tons           tons           tons           tons           tons           tons              m              m            m/m              m              m              m
   365    12    31  1991         1     1  Trial_Robit           0.3743E+03     0.0000E+00     0.3743E+03     0.7186E+05     0.2292E-02     0.4168E+05     0.1146E-02     0.9326E-03    -0.3960E+05     0.3960E+05     0.0000E+00     0.2073E+04     0.4983E+05     0.3370E+05     0.3247E+04     0.1190E+05     0.0000E+00     0.2085E+04
   366    12    31  1992         1     1  Trial_Robit           0.5290E+03     0.0000E+00     0.5290E+03     0.1016E+06     0.1373E-01     0.6423E+05     0.6865E-02     0.5502E-02    -0.6191E+05     0.6191E+05     0.0000E+00     0.2321E+04     0.4997E+05     0.8918E+05     0.2833E+04     0.1676E+05     0.0000E+00     0.2178E+04
   365    12    31  1993         1     1  Trial_Robit           0.4439E+03     0.0000E+00     0.4439E+03     0.8523E+05     0.1339E-01     0.5955E+05     0.6695E-02     0.5427E-02    -0.5757E+05     0.5757E+05     0.0000E+00     0.1979E+04     0.4983E+05     0.1475E+06     0.2404E+04     0.1493E+05     0.0000E+00     0.1900E+04
   365    12    31  1994         1     1  Trial_Robit           0.6357E+03     0.0000E+00     0.6357E+03     0.1220E+06     0.1987E-01     0.5679E+05     0.9933E-02     0.8040E-02    -0.5437E+05     0.5437E+05     0.0000E+00     0.2418E+04     0.4983E+05     0.1999E+06     0.2057E+04     0.1387E+05     0.0000E+00     0.2501E+04
   365    12    31  1995         1     1  Trial_Robit           0.5372E+03     0.0000E+00     0.5372E+03     0.1031E+06     0.2039E-01     0.5114E+05     0.1019E-01     0.8205E-02    -0.4912E+05     0.4912E+05     0.0000E+00     0.2019E+04     0.4983E+05     0.2479E+06     0.1759E+04     0.1214E+05     0.0000E+00     0.2108E+04
   366    12    31  1996         1     1  Trial_Robit           0.4777E+03     0.0000E+00     0.4777E+03     0.9173E+05     0.1593E-01     0.4430E+05     0.7966E-02     0.6422E-02    -0.4268E+05     0.4268E+05     0.0000E+00     0.1614E+04     0.4997E+05     0.2894E+06     0.1533E+04     0.1007E+05     0.0000E+00     0.1805E+04
   365    12    31  1997         1     1  Trial_Robit           0.5683E+03     0.0000E+00     0.5683E+03     0.1091E+06     0.2251E-01     0.4166E+05     0.1126E-01     0.9096E-02    -0.3996E+05     0.3996E+05     0.0000E+00     0.1705E+04     0.4983E+05     0.3234E+06     0.1348E+04     0.9255E+04     0.0000E+00     0.1983E+04
   365    12    31  1998         1     1  Trial_Robit           0.4361E+03     0.0000E+00     0.4361E+03     0.8373E+05     0.1530E-01     0.3506E+05     0.7652E-02     0.6162E-02    -0.3426E+05     0.3426E+05     0.0000E+00     0.8012E+03     0.4983E+05     0.3549E+06     0.1197E+04     0.7755E+04     0.0000E+00     0.1110E+04
   365    12    31  1999         1     1  Trial_Robit           0.7384E+03     0.0000E+00     0.7384E+03     0.1418E+06     0.2894E-01     0.3863E+05     0.1447E-01     0.1186E-01    -0.3734E+05     0.3734E+05     0.0000E+00     0.1292E+04     0.4983E+05     0.3833E+06     0.1070E+04     0.8166E+04     0.0000E+00     0.2086E+04
   366    12    31  2000         1     1  Trial_Robit           0.7429E+03     0.0000E+00     0.7429E+03     0.1426E+06     0.2696E-01     0.3601E+05     0.1348E-01     0.1110E-01    -0.3488E+05     0.3488E+05     0.0000E+00     0.1129E+04     0.4997E+05     0.4132E+06     0.9564E+03     0.7339E+04     0.0000E+00     0.1825E+04
   365    12    31  2001         1     1  Trial_Robit           0.4451E+03     0.0000E+00     0.4451E+03     0.8547E+05     0.1257E-01     0.2829E+05     0.6287E-02     0.5156E-02    -0.2793E+05     0.2793E+05     0.0000E+00     0.3599E+03     0.4983E+05     0.4365E+06     0.8621E+03     0.5832E+04     0.0000E+00     0.9301E+03
   365    12    31  2002         1     1  Trial_Robit           0.2830E+03     0.0000E+00     0.2830E+03     0.5433E+05     0.7593E-02     0.2101E+05     0.3796E-02     0.3000E-02    -0.2089E+05     0.2089E+05     0.0000E+00     0.1231E+03     0.4983E+05     0.4556E+06     0.7946E+03     0.4461E+04     0.0000E+00     0.3505E+03
   365    12    31  2003         1     1  Trial_Robit           0.1689E+03     0.0000E+00     0.1689E+03     0.3243E+05     0.3388E-02     0.1405E+05     0.1694E-02     0.1258E-02    -0.1401E+05     0.1401E+05     0.0000E+00     0.4635E+02     0.4983E+05     0.4696E+06     0.7469E+03     0.3129E+04     0.0000E+00     0.1376E+03
   366    12    31  2004         1     1  Trial_Robit           0.2810E+03     0.0000E+00     0.2810E+03     0.5396E+05     0.6666E-02     0.1653E+05     0.3333E-02     0.2582E-02    -0.1632E+05     0.1632E+05     0.0000E+00     0.2046E+03     0.4997E+05     0.4820E+06     0.7122E+03     0.3388E+04     0.0000E+00     0.4947E+03
   365    12    31  2005         1     1  Trial_Robit           0.5620E+03     0.0000E+00     0.5620E+03     0.1079E+06     0.1564E-01     0.2176E+05     0.7818E-02     0.6014E-02    -0.2132E+05     0.2132E+05     0.0000E+00     0.4455E+03     0.4983E+05     0.4947E+06     0.6667E+03     0.4260E+04     0.0000E+00     0.1102E+04
   365    12    31  2006         1     1  Trial_Robit           0.4043E+03     0.0000E+00     0.4043E+03     0.7763E+05     0.1445E-01     0.1926E+05     0.7227E-02     0.5395E-02    -0.1897E+05     0.1897E+05     0.0000E+00     0.2884E+03     0.4983E+05     0.5098E+06     0.6207E+03     0.3785E+04     0.0000E+00     0.7223E+03
   365    12    31  2007         1     1  Trial_Robit           0.4144E+03     0.0000E+00     0.4144E+03     0.7957E+05     0.1356E-01     0.1733E+05     0.6781E-02     0.5115E-02    -0.1700E+05     0.1700E+05     0.0000E+00     0.3344E+03     0.4983E+05     0.5228E+06     0.5827E+03     0.3386E+04     0.0000E+00     0.8109E+03
   366    12    31  2008         1     1  Trial_Robit           0.5554E+03     0.0000E+00     0.5554E+03     0.1066E+06     0.1869E-01     0.1803E+05     0.9343E-02     0.7052E-02    -0.1761E+05     0.1761E+05     0.0000E+00     0.4215E+03     0.4997E+05     0.5364E+06     0.5495E+03     0.3429E+04     0.0000E+00     0.1015E+04
   365    12    31  2009         1     1  Trial_Robit           0.3619E+03     0.0000E+00     0.3619E+03     0.6949E+05     0.1125E-01     0.1518E+05     0.5626E-02     0.4480E-02    -0.1500E+05     0.1500E+05     0.0000E+00     0.1771E+03     0.4983E+05     0.5469E+06     0.5150E+03     0.2870E+04     0.0000E+00     0.4518E+03
   365    12    31  2010         1     1  Trial_Robit           0.4955E+03     0.0000E+00     0.4955E+03     0.9513E+05     0.1948E-01     0.1599E+05     0.9739E-02     0.7719E-02    -0.1566E+05     0.1566E+05     0.0000E+00     0.3310E+03     0.4983E+05     0.5572E+06     0.4881E+03     0.2963E+04     0.0000E+00     0.8245E+03
   365    12    31  2011         1     1  Trial_Robit           0.4140E+03     0.0000E+00     0.4139E+03     0.7948E+05     0.1565E-01     0.1363E+05     0.7826E-02     0.6101E-02    -0.1346E+05     0.1346E+05     0.0000E+00     0.1728E+03     0.4983E+05     0.5676E+06     0.4609E+03     0.2561E+04     0.0000E+00     0.4983E+03
   366    12    31  2012         1     1  Trial_Robit           0.5123E+03     0.0000E+00     0.5123E+03     0.9836E+05     0.1818E-01     0.1382E+05     0.9091E-02     0.6929E-02    -0.1367E+05     0.1367E+05     0.0000E+00     0.1486E+03     0.4997E+05     0.5782E+06     0.4393E+03     0.2575E+04     0.0000E+00     0.7788E+03
   365    12    31  2013         1     1  Trial_Robit           0.5976E+03     0.0000E+00     0.5976E+03     0.1147E+06     0.1971E-01     0.1479E+05     0.9854E-02     0.7441E-02    -0.1469E+05     0.1469E+05     0.0000E+00     0.1080E+03     0.4983E+05     0.5864E+06     0.4134E+03     0.2682E+04     0.0000E+00     0.8062E+03
