 Trial_Robit               SWAT+ Oct 10 2019    MODULAR Rev 2019.60.1                                     
       year     plant_no   plant_name       harv_area(ha)    yld(t)         yld(t/ha)      
        1990           1 agrl               1631.25012       0.00000000       0.00000000    
        1990           2 past               0.00000000       0.00000000       0.00000000    
        1991           1 agrl               1631.25012       0.00000000       0.00000000    
        1991           2 past               0.00000000       0.00000000       0.00000000    
        1992           1 agrl               1631.25012       0.00000000       0.00000000    
        1992           2 past               0.00000000       0.00000000       0.00000000    
        1993           1 agrl               1631.25024       0.00000000       0.00000000    
        1993           2 past               0.00000000       0.00000000       0.00000000    
        1994           1 agrl               1631.25049       0.00000000       0.00000000    
        1994           2 past               0.00000000       0.00000000       0.00000000    
        1995           1 agrl               1631.25024       0.00000000       0.00000000    
        1995           2 past               0.00000000       0.00000000       0.00000000    
        1996           1 agrl               1631.25024       0.00000000       0.00000000    
        1996           2 past               0.00000000       0.00000000       0.00000000    
        1997           1 agrl               1631.25012       0.00000000       0.00000000    
        1997           2 past               0.00000000       0.00000000       0.00000000    
        1998           1 agrl               1631.25037       0.00000000       0.00000000    
        1998           2 past               0.00000000       0.00000000       0.00000000    
        1999           1 agrl               1631.25037       0.00000000       0.00000000    
        1999           2 past               0.00000000       0.00000000       0.00000000    
        2000           1 agrl               1631.25012       0.00000000       0.00000000    
        2000           2 past               0.00000000       0.00000000       0.00000000    
        2001           1 agrl               1631.25037       0.00000000       0.00000000    
        2001           2 past               0.00000000       0.00000000       0.00000000    
        2002           1 agrl               1631.25037       0.00000000       0.00000000    
        2002           2 past               0.00000000       0.00000000       0.00000000    
        2003           1 agrl               1631.25024       0.00000000       0.00000000    
        2003           2 past               0.00000000       0.00000000       0.00000000    
        2004           1 agrl               1631.25037       0.00000000       0.00000000    
        2004           2 past               0.00000000       0.00000000       0.00000000    
        2005           1 agrl               1631.25024       0.00000000       0.00000000    
        2005           2 past               0.00000000       0.00000000       0.00000000    
        2006           1 agrl               1631.25049       0.00000000       0.00000000    
        2006           2 past               0.00000000       0.00000000       0.00000000    
        2007           1 agrl               1631.25024       0.00000000       0.00000000    
        2007           2 past               0.00000000       0.00000000       0.00000000    
        2008           1 agrl               1631.25049       0.00000000       0.00000000    
        2008           2 past               0.00000000       0.00000000       0.00000000    
        2009           1 agrl               1631.25037       0.00000000       0.00000000    
        2009           2 past               0.00000000       0.00000000       0.00000000    
        2010           1 agrl               1631.25037       0.00000000       0.00000000    
        2010           2 past               0.00000000       0.00000000       0.00000000    
        2011           1 agrl               1631.25024       0.00000000       0.00000000    
        2011           2 past               0.00000000       0.00000000       0.00000000    
        2012           1 agrl               1631.25024       0.00000000       0.00000000    
        2012           2 past               0.00000000       0.00000000       0.00000000    
        2013           1 agrl               1631.25061       0.00000000       0.00000000    
        2013           2 past               0.00000000       0.00000000       0.00000000    
